vlsr,spec_nearest,spec_0,spec_1,spec_2,spec_3,spec_4,spec_5,spec_6,spec_7,spec_8,spec_9,spec_10,spec_11,spec_12,spec_13,spec_14,spec_15,spec_16,spec_17,spec_18,spec_19
-54.13024858621501,0.5437245965003967,0.9998262524604796,-0.5643109083175659,-4.252837657928467,1.2833714485168457,-0.6136857271194458,-0.787885308265686,-1.690274715423584,1.066595196723938,-1.0825302600860596,-0.4111073017120361,-2.515953540802002,-1.5454789400100708,2.828038454055786,1.420067310333252,-0.9384390115737916,3.062299489974976,0.1024283990263938,-0.8903690576553345,-3.8198394775390634,2.793807029724121
-53.936263654417274,0.729586128180011,0.9408447308973841,0.07058139634706495,-3.0853462440405965,1.2774965601639758,-0.5503210652626521,-0.45075797349049174,-1.2557096714655032,0.32535201410637915,-1.7298562814220553,-0.6142934863775219,-2.062778155165619,-1.495828060139531,2.2543601991681395,1.066561824868478,-1.513318347134697,2.9005131491482397,-0.0939091492672328,-0.7079199835976029,-3.6866813051014997,2.794080264935467
-53.74227872261954,0.9154476598596253,0.8818632093342884,0.7054737010116958,-1.9178548301527263,1.2716216718111057,-0.48695640340585844,-0.11363063871529744,-0.8211446275074225,-0.4158911685111797,-2.377182302758051,-0.8174796710430078,-1.6096027695292356,-1.4461771802689916,1.6806819442804926,0.7130563394037043,-2.088197682695602,2.738726808321503,-0.2902466975608594,-0.5254709095398712,-3.5535231326639365,2.794353500146813
-53.5482937908218,1.1013091915392397,0.8228816877711929,1.3403660056763267,-0.7503634162648556,1.2657467834582359,-0.4235917415490647,0.22349669605989697,-0.3865795835493415,-1.1571343511287386,-3.0245083240940467,-1.0206658557084936,-1.1564273838928525,-1.3965263003984518,1.1070036893928457,0.3595508539389305,-2.6630770182565073,2.5769404674947665,-0.486584245854486,-0.3430218354821396,-3.420364960226373,2.7946267353581584
-53.354308859024066,1.2871707232188538,0.7639001662080973,1.9752583103409576,0.4171279976230142,1.2598718951053658,-0.360227079692271,0.5606240308350912,0.04798546040873908,-1.8983775337462974,-3.6718343454300424,-1.2238520403739794,-0.7032519982564693,-1.3468754205279123,0.533325434505199,0.006045368474156598,-3.2379563538174123,2.4151541266680296,-0.6829217941481126,-0.1605727614244079,-3.2872067877888096,2.7948999705695043
-53.16032392722633,1.4730322548984682,0.7049186446450016,2.6101506150055886,1.584619411510885,1.253997006752496,-0.29686241783547734,0.8977513656102856,0.4825505043668201,-2.6396207163638565,-4.319160366766038,-1.4270382250394653,-0.2500766126200862,-1.2972245406573726,-0.04035282038244814,-0.3474601169906173,-3.8128356893783173,2.2533677858412933,-0.8792593424417392,0.02187631263332368,-3.154048615351246,2.7951732057808503
-52.96633899542859,0.7551916512576571,0.6202956750463751,1.6477362830918312,1.2032868449675012,0.5860072518103266,-0.19835920018146413,0.5367493231354329,0.026583919277474943,-2.10268898222579,-3.684434864428187,-0.8302013717025482,0.533803642017221,-1.2130551749567438,-0.1277761235418428,-0.36338977037422704,-2.5961222551307843,1.7017681103248514,-0.8246863318507042,0.5113752785385501,-2.981965686483166,2.3069790880954706
-52.77235406363086,0.0022558190606412065,0.5346769210580171,0.6232906254855823,0.7618057743295772,-0.10769570183439225,-0.0984913784188183,0.1486354601847948,-0.46396641839630676,-1.5161193872427443,-2.99992095340387,-0.20229566252081388,1.3305268041885705,-1.1275452855345554,-0.1963157392554418,-0.36620968270611426,-1.3098324026381212,1.1350300528786814,-0.7603692218854877,1.012798512088364,-2.808371116588655,1.7998153644723152
-52.57836913183312,-0.7506800131363747,0.44905816706965906,-0.4011550321206663,0.320324703691653,-0.8013986554791108,0.001376443343827527,-0.23947840276584342,-0.9545167560700885,-0.9295497922596985,-2.3154070423795536,0.4256100466609203,2.12724996635992,-1.042035396112367,-0.2648553549690408,-0.3690295950380015,-0.023542550145457586,0.5682919954325114,-0.6960521119202713,1.5142217456381777,-2.634776546694144,1.2926516408491597
-52.384384200035385,-1.5036158453333908,0.36343941308130107,-1.425600689726915,-0.12115636694627097,-1.4951016091238296,0.10124426510647339,-0.6275922657164816,-1.44506709374387,-0.34298019727665263,-1.6308931313552373,1.0535157558426544,2.92397312853127,-0.9565255066901786,-0.33339497068263974,-0.3718495073698887,1.2627473023472056,0.0015539379863414027,-0.6317350019550547,2.0156449791879916,-2.461181976799633,0.7854879172260043
-52.19039926823765,-2.2565516775304064,0.27782065909294307,-2.4500463473331635,-0.5626374375841952,-2.188804562768549,0.20111208686911924,-1.0157061286671196,-1.935617431417652,0.24358939770639365,-0.9463792203309205,1.6814214650243888,3.720696290702619,-0.87101561726799,-0.40193458639623875,-0.3746694197017759,2.5490371548398687,-0.5651841194598286,-0.5674178919898383,2.5170682127378052,-2.2875874069051223,0.2783241936028489
-51.99641433643991,-1.9684478664885037,0.4499857620316966,-1.8372698487068262,-0.2643707577063378,-2.0284548341011686,0.019834689948038636,-0.9890834883767776,-1.284990381221437,0.1343780889803172,-0.6623978353276732,1.454180008294653,3.111152013041589,-1.2767856996886255,0.03236156093827458,-0.5099103961671994,2.553820439747409,-0.4025092295238114,-0.2516834273630507,2.245397839011003,-1.5398164914579402,0.48855408843680737
-51.80242940464217,-1.5962196398312312,0.6429818837120642,-1.0921925697786967,0.09367351817287173,-1.7990907472670719,-0.18416151252327376,-0.9289467872184394,-0.5421469764497431,-0.031057939237471632,-0.41078271505342623,1.1578357502790575,2.387969962464662,-1.7222551737733862,0.5072909012464335,-0.6558520646838344,2.4550476383853304,-0.18089187919320282,0.08436759117581705,1.911255254595102,-0.7456474874811705,0.7567551847623216
-51.60844447284443,-1.2239914131739726,0.8359780053924247,-0.3471152908505948,0.451717794052068,-1.5697266604329834,-0.38815771499457863,-0.8688100860601033,0.20069642832192391,-0.19649396745525438,-0.15916759477918863,0.8614914922634725,1.6647879118877622,-2.1677246478581305,0.9822202415545751,-0.8017937332004641,2.3562748370232556,0.04072547113739766,0.4204186097146725,1.5771126701792133,0.048521516495569905,1.024956281087826
-51.414459541046696,-0.8517631865167139,1.0289741270727855,0.3979619880775074,0.8097620699312644,-1.340362573598895,-0.5921539174658835,-0.8086733849017673,0.9435398330935905,-0.3619299956730372,0.09244752549504898,0.5651472342478876,0.9416058613108622,-2.613194121942875,1.4571495818627167,-0.9477354017170938,2.257502035661181,0.26234282146799814,0.7564696282535279,1.2429700857633246,0.8426905204723103,1.2931573774133307
-51.22047460924896,-0.47953495985945493,1.2219702487531459,1.1430392670056095,1.1678063458104608,-1.1109984867648068,-0.7961501199371885,-0.7485366837434313,1.686383237865257,-0.52736602389082,0.3440626457692866,0.26880297623230276,0.21842381073396222,-3.0586635960276194,1.9320789221708585,-1.0936770702337233,2.158729234299106,0.4839601717985986,1.0925206467923834,0.9088275013474358,1.6368595244490507,1.561358473738835
-51.026489677451224,-0.7153120876906636,0.7615951912301574,0.8997882925292031,1.6536245540696557,-0.8085455254743301,-0.7217991080598218,-0.5242378107360303,1.7690514414562586,-0.5964392571811973,0.20077877683852569,0.28537448770703333,-0.5328072896693481,-2.966030500373068,2.163143143361921,-0.9408941238510438,2.1571182519031584,0.494465596821844,1.0395353934096976,1.0745937426147658,1.8202452159768314,1.1619055709060537
-50.83250474565349,-1.0278898918783392,0.21868903738671475,0.531695854464812,2.1555826274715937,-0.49686028530514825,-0.6122884480541886,-0.279202663389792,1.7683290933191445,-0.6533403479544241,0.007612930323956546,0.3414722016437134,-1.2875814279454696,-2.8054265538040535,2.363403349506604,-0.750377541902121,2.167780341376621,0.47830425233257123,0.9374087162053248,1.3035063618631577,1.92647933119524,0.6781174260742991
-50.63851981385575,-1.340467696066015,-0.3242171164567278,0.16360341640042075,2.657540700873531,-0.1851750451359664,-0.5027777880485556,-0.034167516043553725,1.7676067451820303,-0.710241438727651,-0.1855529161906126,0.3975699155803935,-2.042355566221591,-2.6448226072350387,2.5636635556512872,-0.5598609599531985,2.1784424308500836,0.4621429078432985,0.8352820390009521,1.5324189811115496,2.0327134464136485,0.19432928124254434
-50.444534882058015,-1.6530455002536903,-0.8671232703001706,-0.20448902166397032,3.1594987742754688,0.12651019503321548,-0.39326712804292235,0.2108676313026845,1.7668843970449162,-0.7671425295008778,-0.37871876270518173,0.4536676295170736,-2.797129704497712,-2.4842186606660244,2.7639237617959704,-0.3693443780042759,2.189104520323546,0.4459815633540257,0.7331553617965794,1.7613316003599415,2.138947561632057,-0.28945886358921014
-50.25054995026028,-1.965623304441366,-1.4100294241436133,-0.5725814597283614,3.6614568476774063,0.43819543520239734,-0.28375646803728916,0.4559027786489227,1.766162048907802,-0.8240436202741046,-0.5718846092197509,0.5097653434537537,-3.5519038427738336,-2.3236147140970096,2.9641839679406536,-0.17882779605535326,2.1997666097970083,0.42982021886475297,0.6310286845922066,1.9902442196083336,2.245181676850465,-0.773247008420965
-50.05656501846254,-1.3341037422031796,-1.4600498676300029,-0.4186278062981509,3.4684808440022787,0.22057736229588049,-0.5309369656946705,0.705490260929245,1.8617367527701585,-0.4195338998522236,0.03532259185590114,0.6047954342581918,-2.6850198306046877,-2.0251740139800365,2.741960305672193,0.3116552829742234,1.9617213900987254,0.5204570959140706,0.28096995105992056,1.6041547625095978,1.7907485458758174,-0.9836288071297894
-49.862580086664806,-0.5365890386153418,-1.4234090873173246,-0.1728858290886423,3.153318628972905,-0.0901050293932047,-0.8408323921719414,0.9558781537474285,1.974242806434625,0.06610299616442572,0.7832547243760295,0.7066707781382817,-1.5330091106648602,-1.7024982802722066,2.445453765440959,0.8548797241278868,1.6799474127438585,0.6298716822449043,-0.11268123193662705,1.109933072206939,1.2377365584276359,-1.145939160366436
-49.66859515486707,0.26092566497249603,-1.3867683070046464,0.07285614812086627,2.838156413943531,-0.40078742108228976,-1.1507278186492123,1.2062660465656119,2.086748860099091,0.5517398921810752,1.531186856896158,0.8085461220183717,-0.38099839072503316,-1.3798225465643765,2.1489472252097253,1.3981041652815502,1.3981734353889914,0.739286268575738,-0.5063324149331747,0.6157113819042803,0.6847245709794543,-1.3082495136030827
-49.474610223069334,1.0584403685603339,-1.3501275266919681,0.3185981253303748,2.5229941989141578,-0.7114698127713748,-1.4606232451264831,1.4566539393837954,2.1992549137635575,1.0373767881977245,2.279118989416286,0.9104214658984616,0.7710123292147939,-1.0571468128565464,1.8524406849784916,1.9413286064352135,1.1163994580341245,0.8487008549065718,-0.8999835979297224,0.12148969160162149,0.13171258353127246,-1.4705598668397295
-49.2806252912716,1.8559550721481721,-1.3134867463792899,0.5643401025398835,2.207831983884784,-1.02215220446046,-1.770518671603754,1.707041832201979,2.311760967428024,1.5230136842143738,3.027051121936415,1.0122968097785516,1.9230230491546214,-0.7344710791487163,1.5559341447472579,2.4845530475888773,0.8346254806792577,0.9581154412374054,-1.29363478092627,-0.37273199870103735,-0.4212994039169091,-1.632870220076376
-49.08664035947386,1.7629798207300802,-0.8977284132881292,0.8620833753433678,1.9649321143835248,-0.7726993850520433,-2.1789757254393716,1.4875546914416355,1.7179139326145139,1.3608586216252145,2.5084211105318306,0.32210191459512527,1.7597155965491569,-0.44730832492709977,1.3647568925855602,2.0383369668295264,0.5261288250974308,0.9674353518822264,-1.3632898914570866,-0.32611423100522696,-0.22907662413778418,-1.1703071406245804
-48.892655427676125,1.4652942348278641,-0.394816619788121,1.1717809689730534,1.7386442783370049,-0.3944798504487973,-2.6100906246447244,1.160050301582779,0.9616868774612377,1.0497858674025342,1.698627387880183,-0.5501780930166977,1.2940361502551152,-0.16830947403564722,1.1977932698651355,1.3646632948258022,0.21148902509561274,0.9537449922544005,-1.3584631462486543,-0.15516555342471006,0.1344644929349761,-0.5640949961869346
-48.69867049587839,1.1676086489256479,0.10809517371188715,1.4814785626027391,1.5123564422904847,-0.01626031584555121,-3.0412055238500777,0.8325459117239226,0.20545982230796156,0.7387131131798538,0.8888336652285349,-1.4224581006285206,0.8283567039610737,0.11068937685580538,1.030829647144711,0.6909896228220778,-0.10315077490620517,0.9400546326265746,-1.3536364010402218,0.015783124155806905,0.49800561000773624,0.042117148250711445
-48.50468556408065,0.8699230630234318,0.6110069672118954,1.7911761562324249,1.286068606243965,0.36195921875769477,-3.4723204230554305,0.5050415218650661,-0.550767232845315,0.42764035895717334,0.07903994257688751,-2.2947381082403435,0.3626772576670323,0.389688227747258,0.8638660244242861,0.017315950818353354,-0.41779057490802307,0.9263642729987488,-1.3488096558317895,0.18673180173632387,0.8615467270804965,0.6483292926883573
-48.310700632282916,0.5722374771212158,1.1139187607119037,2.1008737498621106,1.0597807701974449,0.7401787533609407,-3.9034353222607834,0.17753713200620957,-1.3069942879985912,0.11656760473449301,-0.7307537800747603,-3.1670181158521666,-0.10300218862700916,0.6686870786387107,0.6969024017038614,-0.6563577211853708,-0.7324303749098411,0.9126739133709229,-1.343982910623357,0.35768047931684077,1.2250878441532569,1.2545414371260033
-48.11671570048517,-0.34702477782462815,0.6433907581393333,1.5062702639868504,0.41948028884706623,0.7839149265430875,-3.5547319219373597,-0.4303398919680299,-1.0221160546304793,0.14701900803975962,-0.80971523143476,-3.065990735736996,0.16864676134925055,0.8400665262855659,0.9211212186512436,-0.8268161009105538,-1.141000642404911,1.229656811326671,-1.306157942384428,0.05829453003872659,0.9435719676274497,1.1571623941603644
-47.922730768687444,-1.4460200455059644,-0.10861381197235431,0.6501821286161424,-0.3405346923501993,0.7309330193142762,-2.980538892834482,-1.1192885209876586,-0.4361953281958604,0.27622438460615123,-0.6773516886862498,-2.683525074833207,0.6534991030181792,0.9803271103435969,1.2584530302013857,-0.8517664443141657,-1.5767315270064386,1.6422560729210494,-1.2587913192933071,-0.3770917932708215,0.47553358692852143,0.8563352970057608
-47.7287458368897,-2.545015313187381,-0.8606183820840969,-0.2059060067546281,-1.1005496735475204,0.6779511120854612,-2.4063458637315622,-1.808237150007338,0.1497253982388016,0.40542976117255236,-0.5449881459377302,-2.30105941392939,1.1383514446871432,1.1205876944016382,1.5957848417515526,-0.8767167877177793,-2.0124624116079977,2.0548553345154583,-1.2114246962021826,-0.8124781165804014,0.007495206229558793,0.5555081998511352
-47.534760905091964,-3.6440105808687573,-1.6126229521958124,-1.0619941421253674,-1.860564654744814,0.6249692048566482,-1.8321528346286637,-2.4971857790269922,0.7356461246734418,0.5346351377389487,-0.4126246031892152,-1.9185937530255865,1.6232037863560895,1.2608482784596742,1.9331166533017072,-0.9016671311213921,-2.448193296209541,2.467454596109852,-1.16405807311106,-1.2478644398899652,-0.4605431744693864,0.25468110269652056
-47.34077597329423,-4.743005848550134,-2.3646275223075275,-1.9180822774961066,-2.620579635942107,0.5719872976278351,-1.2579598055257648,-3.1861344080466463,1.321566851108082,0.663840514305345,-0.2802610604407003,-1.5361280921217833,2.108056128025036,1.4011088625177104,2.270448464851862,-0.9266174745250049,-2.883924180811085,2.8800538577042456,-1.1166914500199374,-1.683250763199529,-0.9285815551683321,-0.046145994458093975
-47.14679104149649,-3.965354193561872,-2.1037053694751817,-1.6891054241246126,-2.3536070487384477,0.7608210850292658,-0.6224093941457011,-3.107233004578868,0.6682195309584554,0.3995325928053014,0.03406017001350492,-1.1593377883226545,2.1433586397507245,1.5520897101825093,1.906103423663572,-1.1440338004719015,-2.662604376314319,2.7833685686946685,-1.0056740960628123,-1.5096942399229474,-0.9461164954420864,-0.37302642170483646
-46.952806109698756,-2.5225618571209454,-1.4837712135739827,-1.0755485747431357,-1.7226388676710853,1.035361700907256,0.03488793753513475,-2.756182222507894,-0.42436203355024094,-0.004248396363888296,0.4128727328191071,-0.7845590034973348,2.0193270345344665,1.70687014494844,1.2930627890995812,-1.429665917699976,-2.2084058465674725,2.5061773630152935,-0.8720969893936819,-1.1203098722866756,-0.8039793302486525,-0.7091409406298034
-46.75882117790102,-1.0797695206800189,-0.8638370576727832,-0.4619917253616588,-1.0916706866037231,1.3099023167852462,0.6921852692159705,-2.40513144043692,-1.5169435980589374,-0.4080293855330781,0.7916852956247094,-0.4097802186720152,1.8952954293182083,1.8616505797143708,0.6800221545355902,-1.7152980349280504,-1.754207316820626,2.2289861573359184,-0.7385198827245514,-0.7309255046504035,-0.6618421650552186,-1.0452554595547705
-46.56483624610328,0.36302281576090767,-0.2439029017715839,0.15156512401981814,-0.4607025055363607,1.5844429326632363,1.3494826008968062,-2.0540806583659466,-2.6095251625676337,-0.8118103747022678,1.1704978584303114,-0.03500143384669552,1.77126382410195,2.0164310144803017,0.06698151997159929,-2.0009301521561254,-1.3000087870737795,1.9517949516565436,-0.6049427760554209,-0.3415411370141317,-0.5197049998617848,-1.3813699784797375
-46.37085131430555,1.8058151522018342,0.37603125412961536,0.7651219734012948,0.17026567553100147,1.8589835485412263,2.0067799325776416,-1.7030298762949727,-3.7021067270763304,-1.2155913638714575,1.5493104212359137,0.33977735097862416,1.647232218885692,2.171211449246232,-0.5460591145923916,-2.2865622693841994,-0.8458102573269333,1.6746037459771685,-0.4713656693862903,0.04784323062214013,-0.37756783466835087,-1.7174844974047045
-46.17686638250781,2.236539198427784,0.6319691610690132,0.7704609323963485,0.2119011560486149,1.8433973284953213,2.101006649420749,-1.8243164334978248,-3.827317115327213,-1.6089070436021018,1.7560355990627428,0.6225048124458344,1.4402611582420848,2.2359914801779825,-0.5867116967136732,-2.5010798941737793,-0.16549359535687458,1.133163812872677,-0.4251970146162394,0.29399678260363693,-0.2283955437575349,-1.6317980892140806
-45.982881450710074,2.235447440828596,0.7326020017846798,0.5162935914931459,0.002088017664954811,1.7040236584551978,1.9549899039330478,-2.1471335887908807,-3.5397824683746846,-1.9977575246389656,1.8893368259652816,0.8659570426135772,1.1979025966161352,2.2623713388071423,-0.38314537645935265,-2.685255335522929,0.6113001363617725,0.4789777560667816,-0.41632263265646935,0.47903851990575175,-0.07622159920730198,-1.366143285454104
-45.78889651891234,2.2343556832294076,0.8332348425003464,0.26212625058994343,-0.2077251207187053,1.5646499884150742,1.8089731584453466,-2.4699507440839366,-3.2522478214221566,-2.3866080056758294,2.0226380528678205,1.10940927278132,0.9555440349901858,2.2887511974363015,-0.17957905620503212,-2.869430776872079,1.3880938680804196,-0.17520830073911386,-0.40744825069669927,0.6640802572078666,0.07595234534293088,-1.1004884816941276
-45.5949115871146,2.233263925630219,0.9338676832160131,0.007958909686740956,-0.4175382591023654,1.4252763183749506,1.662956412957645,-2.792767899376993,-2.9647131744696287,-2.7754584867126937,2.1559392797703594,1.3528615029490627,0.7131854733642363,2.315131056065461,0.023987264049288415,-3.053606218221229,2.164887599799067,-0.8293943575450093,-0.3985738687369292,0.8491219945099815,0.22812628989316375,-0.8348336779341511
-45.400926655316866,2.2321721680310307,1.0345005239316798,-0.24620843121646163,-0.6273513974860254,1.2859026483348273,1.5169396674699436,-3.1155850546700483,-2.6771785275171003,-3.164308967749557,2.2892405066728982,1.5963137331168056,0.47082691173828684,2.3415109146946205,0.22755358430360906,-3.237781659570379,2.941681331517714,-1.483580414350905,-0.3896994867771591,1.0341637318120964,0.38030023444339667,-0.5691788741741746
-45.20694172351913,2.1516758090711066,0.7370185670693673,-0.4370552126684419,-0.954792511927596,0.7364874248823471,1.1219720132718312,-2.8919230834451586,-2.1147560866511923,-2.5253296685794386,1.8271384053416453,1.4406116302358583,0.5134400396930872,2.4528251800112297,0.10375307221139746,-2.932932294034364,3.003165500725811,-1.8431395670478457,-0.31408325979462315,0.8076059413531477,-0.20364251030614478,-0.44964809895446756
-45.01295679172139,2.030917962097281,0.23767558608297323,-0.5957957949620503,-1.341875980426709,-0.020836191849674668,0.6007757293050371,-2.3911731044083036,-1.4129539192939684,-1.3651972414169549,1.063141658708698,1.082521414823145,0.7005458553226598,2.6072047782961314,-0.186036256281902,-2.380126688387517,2.7019574973932827,-2.053310430337403,-0.20462609730758025,0.37234979878996055,-1.1608275200528213,-0.40420838045941754
-44.81897185992366,1.9101601151234553,-0.26166739490342095,-0.7545363772556586,-1.7289594489258222,-0.7781598085816963,0.07957944533824302,-1.890423125371448,-0.7111517519367445,-0.2050648142544711,0.29914491207575056,0.7244311994104314,0.8876516709522324,2.761584376581033,-0.4758255847752015,-1.82732108274067,2.4007494940607543,-2.26348129362696,-0.09516893482053734,-0.06290634377322668,-2.118012529799498,-0.35876866196436746
-44.62498692812592,1.7894022681496295,-0.761010375889815,-0.9132769595492668,-2.1160429174249353,-1.5354834253137182,-0.44161683862855106,-1.3896731463345926,-0.00934958457952062,0.9550676129080129,-0.4648518345571966,0.3663409839977181,1.074757486581805,2.9159639748659347,-0.7656149132685008,-1.2745154770938232,2.0995414907282264,-2.473652156916517,0.014288227666505615,-0.4981624863364138,-3.075197539546174,-0.3133289434693174
-44.431001996328185,1.668644421175804,-1.2603533568762089,-1.0720175418428752,-2.5031263859240482,-2.29280704204574,-0.9628131225953453,-0.8889231672977376,0.6924525827777028,2.115200040070497,-1.2288485811901442,0.00825076858500462,1.2618633022113777,3.0703435731508364,-1.0554042417618004,-0.7217098714469761,1.798333487395698,-2.6838230202060744,0.12374539015354857,-0.9334186288996009,-4.0323825492928504,-0.26788922497426737
-44.23701706453045,1.4640739248281127,-1.4769738527750835,-1.0571603108204306,-2.5926962040350885,-2.188873881532967,-1.056326258381599,-0.1941962724272338,1.3511982238358504,2.5658699546099335,-1.0246572574127932,-0.23798699945155025,1.6763099934041477,2.511105154794799,-1.2015402115784677,-0.09562632856215647,1.7613150839018035,-2.5991100676648373,0.4700328443399392,-1.0622274216561818,-4.164768360541377,-0.2612653906579854
-44.043032132732705,1.2094660258691254,-1.524804805338045,-0.938662594236109,-2.504645932362115,-1.5707575704260162,-0.8945061713733711,0.6163377363738914,1.9842384760587393,2.5929801601204816,-0.24244320503197025,-0.4174471869649996,2.2264825804556287,1.525826129488705,-1.2619129821851662,0.5742052365543344,1.8820218146400098,-2.338347075821539,0.9577115174513998,-1.008082572737086,-3.8047367398504566,-0.2778152185379947
-43.849047200934976,0.9548581269101566,-1.5726357579010029,-0.820164877651796,-2.416595660689148,-0.95264125931911,-0.732686084365155,1.426871745174957,2.617278728281582,2.620090365631028,0.5397708473487957,-0.5969073744784359,2.7766551675070694,0.540547104182683,-1.3222857527918606,1.2440368016707763,2.0027285453782073,-2.0775840839782598,1.4453901905628248,-0.953937723817994,-3.444705119159563,-0.29436504641800276
-43.65506226913723,0.7002502279511691,-1.6204667104639643,-0.7016671610674744,-2.3285453890161745,-0.33452494821215906,-0.5708659973569271,2.2374057539760823,3.2503189805044705,2.6472005711415756,1.3219848997296186,-0.7763675619918852,3.3268277545585505,-0.44473192112341087,-1.3826585233985593,1.9138683667872673,2.123435276116414,-1.8168210921349615,1.9330688636742854,-0.8997928748988981,-3.0846734984686437,-0.31091487429801207
-43.4610773373395,0.44564232899220024,-1.6682976630269224,-0.5831694444831614,-2.2404951173432077,0.28359136289474707,-0.4090459103487111,3.047939762777148,3.8833592327273134,2.674310776652122,2.1041989521103845,-0.9558277495053215,3.8770003416099916,-1.4300109464294328,-1.4430312940052534,2.583699931903709,2.244142006854611,-1.5560581002916822,2.42074753678571,-0.8456480259798062,-2.72464187777775,-0.32746470217802015
-43.26709240554176,0.10058090903543901,-1.804458676994613,-0.7565097932691546,-1.8654372366992142,0.4329960203016031,-0.6355843017627465,2.8853068800716,3.4512850402238007,2.5296549781576485,2.2312407462627992,-1.0282925398318798,3.6570796242782353,-1.233433076313605,-1.4530372929263435,2.559126431678817,1.8212802843614382,-1.0691650749801302,2.323358077991339,-0.502062895081282,-2.544093429268183,-0.48952764350097383
-43.073107473744024,-0.3076543986023082,-2.0023105274989486,-1.133673552790009,-1.289929597408764,0.25504650687022035,-1.133357186043176,2.043001882662834,2.275321394260433,2.265035621310441,1.900701915620665,-1.0260303860913846,2.8993159642025224,-0.21143134272832542,-1.4278664989241432,2.049571615977299,1.018783451674853,-0.4243399628018443,1.8173496064372525,0.04367100418385861,-2.4888983073614988,-0.7532187910380637
-42.87912254194629,-0.7158897062400553,-2.200162378003284,-1.5108373123108634,-0.7144219581183135,0.07709699343883758,-1.6311300703236054,1.200696885254068,1.0993577482970651,2.000416264463234,1.570163084978531,-1.0237682323508892,2.141552304126809,0.8105703908569541,-1.4026957049219428,1.540016800275781,0.21628661898826795,0.22048514937644148,1.311341134883166,0.5894049034489992,-2.433703185454815,-1.0169099385751537
-42.68513761014855,-1.1241250138778027,-2.39801422850762,-1.888001071831718,-0.13891431882786298,-0.10085251999254519,-2.1289029546040346,0.35839188784530185,-0.07660589766630288,1.7357969076160262,1.2396242543363971,-1.0215060786103938,1.383788644051096,1.8325721244422342,-1.3775249109197425,1.0304619845742626,-0.5862102136983172,0.8653102615547272,0.8053326633290796,1.1351388027141398,-2.378508063548131,-1.2806010861122434
-42.491152678350815,-1.53236032151555,-2.595866079011955,-2.2651648313525725,0.43659332046258736,-0.27880203342392784,-2.626675838884464,-0.4839131095634639,-1.2525695436296704,1.4711775507688187,0.9090854236942632,-1.0192439248698983,0.6260249839753826,2.8545738580275133,-1.3523541169175421,0.5209071688727445,-1.3887070463849023,1.510135373733013,0.29932419177499314,1.6808727019792804,-2.323312941641447,-1.5442922336493334
-42.29716774655308,-1.8496900423117062,-2.835951488402856,-2.4184893455930023,0.7899505205189735,-0.2779968359364266,-2.9024928819270617,-0.9707990053190954,-1.6279419127001724,1.3146893832148365,0.8079631593983745,-1.1064498342697984,0.0766162162366891,3.056846016744976,-1.14628219792486,0.16769016242426305,-1.5143532832058282,1.7618291459853248,0.05002640408908002,1.8159591124318826,-2.208241479073922,-1.839874643120549
-42.10318281475534,-2.0930626755079125,-3.110396403328596,-2.389707355198481,0.9625751598425318,-0.1317640770233688,-2.9977356812507154,-1.1685303776958575,-1.3519857853153532,1.2461723527129844,0.8934848812825127,-1.2664433204618966,-0.3032834865498255,2.5922195382817304,-0.793036482329728,-0.05833676192003151,-1.089341408135957,1.6936872518571304,0.009577986329850852,1.6169594302911785,-2.044457061392485,-2.161402486029702
-41.909197882957606,-2.3364353087041185,-3.3848413182543355,-2.3609253648039594,1.1351997991660903,0.014468681889689028,-3.0929784805743687,-1.3662617500726197,-1.0760296579305342,1.1776553222111321,0.979006603166651,-1.4264368066539947,-0.68318318933634,2.127593059818485,-0.43979076673459594,-0.28436368626432607,-0.6643295330660857,1.625545357728936,-0.0308704314293783,1.4179597481504742,-1.8806726437110473,-2.482930328938855
-41.71521295115987,-2.5798079419003246,-3.6592862331800755,-2.3321433744094375,1.3078244384896487,0.1607014408027469,-3.1882212798980225,-1.5639931224493822,-0.800073530545715,1.10913829170928,1.0645283250507893,-1.5864302928460927,-1.0630828921228546,1.6629665813552394,-0.08654505113946387,-0.5103906106086207,-0.2393176579962144,1.5574034636007419,-0.07131884918860745,1.2189600660097701,-1.7168882260296097,-2.804458171848008
-41.521228019362134,-2.823180575096531,-3.9337311481058155,-2.303361384014916,1.480449077813207,0.30693419971580477,-3.283464079221676,-1.7617244948261441,-0.5241174031608957,1.0406212612074277,1.1500500469349275,-1.746423779038191,-1.4429825949093693,1.198340102891994,0.2667006644556682,-0.7364175349529154,0.18569421707365685,1.4892615694725475,-0.11176726694783662,1.019960383869066,-1.5531038083481723,-3.125986014757161
-41.3272430875644,-2.709333558471854,-3.6546269768127093,-2.0659485695009505,1.2598140823598054,0.3447359446816325,-3.1434498879374444,-1.456453376886828,-0.43906731386573555,1.0841568392150194,1.1660105634708815,-1.4769336982649477,-1.7321154536033079,0.8815456634881619,0.5542459560900226,-0.8764231180658122,0.598233108617805,1.265125738114742,-0.05519872417255933,0.9252318691234198,-1.0320263054906458,-3.1313763321662558
-41.13325815576666,-2.2577516001982865,-2.8521673058217,-1.631284794001296,0.6673699776626717,0.28002109464278957,-2.7810109055329937,-0.6756162681031415,-0.5345102060371919,1.2336330652679213,1.1162041222230865,-0.8013864269062243,-1.9354323869733425,0.7045196973768885,0.7796744832523586,-0.9350994331053744,0.9989793611921771,0.8935047297398255,0.09309494492626641,0.929087003551299,-0.1731444311938526,-2.837872989102519
-40.939273223968925,-1.806169641924719,-2.0497076348306904,-1.1966210185016417,0.07492587296553799,0.2153062446039466,-2.4185719231285434,0.10522084068054505,-0.6299530982086482,1.383109291320823,1.0663976809752915,-0.1258391555475009,-2.1387493203433774,0.527493731265615,1.0051030104146945,-0.9937757481449365,1.3997256137665492,0.5218837213649089,0.24138861402509215,0.9329421379791782,0.6857374431029406,-2.544369646038782
-40.74528829217119,-1.3545876836511517,-1.2472479638396807,-0.7619572430019874,-0.5175182317315956,0.15059139456510365,-2.0561329407240923,0.8860579494642318,-0.7253959903801045,1.5325855173737246,1.0165912397274965,0.5497081158112227,-2.342066253713412,0.35046776515434164,1.2305315375770305,-1.0524520631844987,1.8004718663409214,0.15026271298999228,0.38968228312391795,0.9367972724070573,1.544619317399734,-2.2508663029750458
-40.55130336037345,-0.9030057253775845,-0.44478829284867105,-0.3272934675023331,-1.1099623364287292,0.0858765445262607,-1.693693958319642,1.6668950582479183,-0.8208388825515609,1.6820617434266265,0.9667847984797016,1.225255387169946,-2.5453831870834467,0.17344179904306822,1.4559600647393662,-1.1111283782240609,2.2012181189152935,-0.22135829538492424,0.5379759522227436,0.9406524068349366,2.4035011916965274,-1.9573629599113092
-40.35731842857572,-0.5021148011060881,0.1867543403370062,-0.3729587860806053,-1.114598123394742,-0.09885575162013877,-1.497138118920831,1.9957213600845274,-0.7229261340812015,1.8773823416962805,0.9154444521566072,1.603247869877291,-2.597804478678947,0.09676753722670191,1.5094790709704387,-1.403601508857122,2.076131681343209,-0.2433704949487059,0.1546214595575714,0.8707368178414128,2.668653337765288,-1.6832109082607816
-40.16333349677798,-0.15688462005256099,0.6306233633834644,-0.94604428639159,-0.4737973261852988,-0.4153719101591711,-1.4827284757635375,1.8282220699791654,-0.4127013096119507,2.1230418584784556,0.8624198179076935,1.6545135258301265,-2.4845364381298345,0.13028338208711476,1.3742346816691113,-1.9527927115144603,1.3736603291004101,0.11850148771156738,-0.8125035636720879,0.7198180815616291,2.281866958720806,-1.430307333456134
-39.96934856498024,0.18834556100097877,1.0744923864299387,-1.519129786702596,0.16700347102416768,-0.7318880686982151,-1.4683188326062433,1.6607227798737971,-0.10247648514268837,2.368701375260639,0.809395183658778,1.7057791817829637,-2.3712683975807174,0.16379922694752883,1.238990292367779,-2.5019839141718188,0.6711889768575854,0.4803734703718538,-1.7796285869017825,0.5688993452818398,1.8950805796763097,-1.1774037586514772
-39.77536363318251,0.5335757420544933,1.5183614094763807,-2.0922152870135595,0.8078042682335873,-1.0484042272372358,-1.4539091894489504,1.4932234897684413,0.20774833932655112,2.6143608920428054,0.7563705494098664,1.7570448377357972,-2.2580003570316087,0.19731507180794045,1.1037459030664567,-3.051175116829137,-0.031282375385187855,0.8422454530321137,-2.7467536101314063,0.4179806090020616,1.5082942006318416,-0.9245001838468392
-39.581378701384764,0.878805923108033,1.9622304325228552,-2.6653007873245653,1.4486050654430538,-1.3649203857762797,-1.4394995462916562,1.325724199663073,0.5179731637958134,2.8600204088249894,0.7033459151609508,1.8083104936886345,-2.1447323164824916,0.23083091666835454,0.9685015137651244,-3.600366319486495,-0.7337537276280126,1.2041174356924003,-3.7138786333611007,0.26706187272227233,1.1215078215873453,-0.6715966090421825
-39.387393769587035,1.1524141602259477,2.0821774150754844,-2.8235314695202867,1.5548506665539885,-1.3816367916362249,-1.6026063217523725,1.1265071392826689,0.48827888594048907,2.9044794122894255,0.5070682507499327,1.4372247212009046,-1.9618622065696505,0.2970536242831752,0.7461235662559672,-3.576849756883396,-1.1801729832597827,1.380915817834013,-3.7958696184884575,0.4486932742351913,0.8108523887805185,-0.5372664838863423
-39.19340883778929,1.3345901284898956,1.7886068991252477,-2.4521602562495795,0.9786853790283446,-1.0156301089695674,-1.9923298018319104,0.8867993083383456,0.024645328521747945,2.6920866966247647,0.1279143776212578,0.5269669124058696,-1.6901383910860448,0.40502977371215365,0.4125112891197344,-2.822216898202928,-1.2997172219412618,1.321450029100693,-2.74790225710192,1.0548567665474502,0.5973853979792003,-0.5543067199843263
-38.999423905991556,1.5167660967538366,1.4950363831750217,-2.080789042978886,0.40252009150272183,-0.6496234263029234,-2.3820532819114337,0.6470914773940312,-0.4389882288969762,2.4796939809601115,-0.2512394955074031,-0.3832908963891324,-1.418414575602449,0.5130059231411281,0.07889901198351379,-2.0675840395224876,-1.4192614606227365,1.2619842403673753,-1.6999348957154212,1.661020258859687,0.38391840717788983,-0.5713469560823097
-38.80543897419382,1.6989420650177776,1.2014658672247958,-1.7094178297081928,-0.17364519602290107,-0.2836167436362793,-2.7717767619909575,0.4073836464497167,-0.9026217863157002,2.2673012652954587,-0.6303933686360641,-1.2935487051841341,-1.1466907601188532,0.6209820725701026,-0.25471326515270665,-1.3129511808420475,-1.5388056993042112,1.2025184516340575,-0.651967534328922,2.2671837511719235,0.17045141637657935,-0.5883871921802931
-38.61145404239608,1.8811180332817186,0.90789535127457,-1.3380466164374993,-0.7498104835485238,0.08238993903036484,-3.1615002420704807,0.16767581550540211,-1.3662553437344243,2.054908549630806,-1.009547241764725,-2.203806513979136,-0.8749669446352575,0.7289582219990771,-0.5883255422889273,-0.5583183221616075,-1.6583499379856859,1.1430526629007396,0.39599982705757686,2.8733472434841603,-0.04301557442473114,-0.6054274282782766
-38.41746911059835,1.9196038394337094,0.9562776814143807,-0.8860041356485071,-0.6911286896368104,0.21608276026590417,-3.2769582247247624,0.017547609073720497,-1.4430414439353727,1.8926592545518222,-1.118960951304625,-2.442857433559754,-0.8107364542630151,0.8203885201399285,-0.7888119617729328,-0.0495575958368789,-1.650318026542672,1.047197016526248,0.8226640722083901,3.141622939224819,-0.16579053998822893,-0.5421459681470308
-38.22348417880061,1.7442252182562483,1.5136130848045681,-0.3138927915764448,0.31244178362366215,0.004006113324855398,-2.9842070949321013,0.0007472158701672046,-0.9440545845562749,1.8050420273212902,-0.8269009289914151,-1.682902750588557,-1.0553332384751664,0.8871924349682201,-0.7911575698675604,0.09325391023742313,-1.4524053335189904,0.8971797215695347,0.324598097845463,2.906995867975135,-0.15358202612798202,-0.35931593688388813
-38.029499247002875,1.5688465970787873,2.0709484881947553,0.25821855249561754,1.3160122568841348,-0.20807053361619338,-2.6914559651394403,-0.016053177333386095,-0.4450677251771771,1.7174248000907582,-0.534840906678205,-0.92294806761736,-1.2999300226873178,0.9539963497965118,-0.793503177962188,0.23606541631172515,-1.2544926404953087,0.7471624266128214,-0.1734678765174642,2.672368796725451,-0.14137351226773512,-0.17648590562074545
-37.83551431520514,1.3934679759013262,2.6282838915849425,0.83032989656768,2.3195827301446075,-0.42014718055724215,-2.3987048353467793,-0.03285357053693938,0.05391913420192074,1.629807572860226,-0.24278088436499512,-0.1629933846461631,-1.5445268068994693,1.0208002646248033,-0.7958487860568157,0.3788769223860272,-1.056579947471627,0.597145131656108,-0.6715338508803914,2.4377417254757674,-0.1291649984074882,0.006344125642397169
-37.6415293834074,1.2180893547238654,3.1856192949751296,1.4024412406397422,3.32315320340508,-0.632223827498291,-2.105953705554118,-0.049653963740492676,0.5529059935810186,1.542190345629694,0.049279137948214924,0.5969612983250343,-1.7891235911116206,1.087604179453095,-0.7981943941514433,0.5216884284603293,-0.8586672544479454,0.4471278366993948,-1.1695998252433184,2.2031146542260833,-0.1169564845472413,0.18917415690553985
-37.447544451609666,0.9691160643034549,3.3527715534580214,1.8665408743113328,3.7457247222730787,-0.6660966131152056,-1.982653121116645,0.0029048684410719547,0.9255401024349481,1.3140190444983646,0.143435308243226,0.8803147166027663,-1.7423003683063905,0.9973694666639705,-0.8070205377072696,0.5001025897673771,-0.6694506534508371,0.2733409534137725,-1.200808583916041,1.7946565779330639,-0.06884695940646281,0.1603798452688892
-37.25355951981193,0.5918238634081349,2.839604482358838,2.1423123975410414,3.1552724232258105,-0.38925497385921487,-2.15480476960622,0.1763977346274797,1.0778668513988012,0.8407791016938051,-0.10747164805765985,0.3326710579789205,-1.1873602101887104,0.6333238134136603,-0.8271460764262133,0.1918752268648013,-0.4953964693205771,0.0581096597085064,-0.41800988959030905,1.083108544128533,0.04185920078756172,-0.23740050014182756
-37.05957458801419,0.21453166251281486,2.3264374112596533,2.4180839207707505,2.564820124178542,-0.11241333460322411,-2.3269564180957953,0.3498906008138875,1.2301936003626543,0.3675391588892456,-0.3583786043585457,-0.2149726006449253,-0.6324200520710306,0.26927816016334993,-0.847271615145157,-0.1163521360377745,-0.3213422851903172,-0.1571216339967597,0.36478880473542263,0.3715605103240023,0.15256536098158624,-0.6351808455525443
-36.86558965621646,-0.16276053838250526,1.8132703401604695,2.693855444000459,1.9743678251312737,0.1644283046527667,-2.4991080665853707,0.5233834670002953,1.3825203493265077,-0.1057007839153139,-0.6092855606594316,-0.7626162592687711,-0.07747989395335053,-0.09476749308696042,-0.8673971538641007,-0.4245794989403504,-0.1472881010600573,-0.3723529277020259,1.1475874990611548,-0.3399875234805285,0.26327152117561076,-1.032961190963261
-36.67160472441872,-0.5400527392778252,1.3001032690612857,2.969626967230168,1.3839155260840053,0.4412699439087575,-2.671259715074946,0.6968763331867031,1.5348470982903608,-0.5789407267198734,-0.8601925169603173,-1.3102599178926169,0.4774602641643293,-0.45881314633727066,-0.8875226925830444,-0.7328068618429262,0.026766083070202562,-0.5875842214072919,1.9303861933868864,-1.0515355572850593,0.3739776813696353,-1.430741536373978
-36.477619792620985,-0.9256752775860899,0.9123659037150402,3.058087975947901,1.0321152783059395,0.7318729022880517,-2.466830046145989,0.9495538860172242,1.5805622935295178,-0.9884275956587238,-0.9416394845231901,-1.4371482273201204,0.7645812657746515,-0.6213565933240033,-0.7504567681969184,-0.9103723168373147,0.17685136237701377,-0.9487028741216996,2.303400375723085,-1.4732678416487532,0.3665913064758606,-1.6709546965438087
-36.28363486082324,-1.3284345100010013,0.7826553616320278,2.761224497669484,1.171256393138906,1.0507848600067304,-1.487718809955865,1.3651256513728254,1.4069622925349656,-1.2667652840738155,-0.6744830466820728,-0.6984826755435258,0.5007600025697205,-0.36938121599700036,-0.2900255482802837,-0.8191475612776625,0.27762918033272455,-1.609932665369281,1.8334292762520614,-1.2988077271626046,0.11627171654427138,-1.5870296470751795
-36.08964992902551,-1.7311937424158832,0.6529448195490247,2.464361019391089,1.310397507971862,1.3696968177253857,-0.5086075737658127,1.7806974167283964,1.2333622915404259,-1.5451029724888867,-0.40732660884097505,0.04018287623301453,0.2369387393648088,-0.11740583867001597,0.17040567163631726,-0.7279228057180172,0.378406998288428,-2.271162456616814,1.363458176781072,-1.1243476126764687,-0.1340478733872995,-1.5031045976065562
-35.89566499722777,-2.1339529748307946,0.5232342774660121,2.167497541112672,1.4495386228048284,1.6886087754440644,0.47050366242431085,2.1962691820839977,1.0597622905458735,-1.8234406609039784,-0.14017017099985773,0.7788484280096093,-0.02688252384012224,0.13456953865698684,0.630836891552952,-0.636698050158365,0.4791848162441388,-2.9323922478643953,0.8934870773100485,-0.94988749819032,-0.3843674633188887,-1.419179548137927
-35.70168006543004,-2.5367122072456763,0.3935237353830092,1.8706340628342768,1.5886797376377846,2.0075207331627194,1.4496148986143629,2.6118409474395685,0.8861622895513337,-2.1017783493190496,0.12698626684124004,1.5175139797861494,-0.29070378704503397,0.38654491598397134,1.091268111469553,-0.5454732945987195,0.5799626341998423,-3.5936220391119282,0.4235159778390596,-0.7754273837041842,-0.6346870532504596,-1.335254498669304
-35.507695133632296,-2.628757080032128,0.39743318716979575,1.6028164070037407,1.7387433299770587,2.092110182585438,2.123612784277752,2.7115242414881493,0.7354399319150682,-1.959835022411463,0.1824544029023559,2.0469231968244506,-0.4064144241124247,0.4484449432599557,1.2372276957711892,-0.23471420549949007,0.6384148456723,-3.7432350333856172,0.08790961805046826,-0.7377066183178651,-0.8698263807509057,-1.0162539123825403
-35.31371020183457,-1.9590506195358883,0.7289271400567376,1.4062078642712559,1.9155846091059803,1.6022315471535309,2.0495908428432807,2.0367712833001486,0.6408046999313886,-0.7875253353579545,-0.28105523314234715,2.06331688353657,-0.15901513903615622,0.044353789765692375,0.6122245605005512,0.6142580884064277,0.593101054153551,-2.638561686691031,0.0817135878059332,-1.0352178055633927,-1.0677495810007902,-0.12093910679972275
-35.119725270036824,-1.2893441590395995,1.060421092943704,1.2095993215387566,2.0924258882349145,1.112352911721588,1.975568901408804,1.3620183251120985,0.546169467947702,0.38478435169563996,-0.7445648691870843,2.0797105702486904,0.08838414604013034,-0.35973736372860066,-0.012778574770132556,1.4632303823124075,0.5477872626347986,-1.5338883399963636,0.07551755756139769,-1.332728992808942,-1.2656727812506892,0.7743756987831605
-34.925740338239095,-0.61963769854336,1.3919150458306457,1.0129907788062715,2.2692671673638363,0.6224742762896811,1.9015469599743329,0.6872653669240978,0.4515342359640224,1.557094038749148,-1.2080745052317874,2.0961042569608095,0.33578343111639886,-0.763828517222864,-0.6377817100407706,2.3122026762183254,0.5024734711160496,-0.42921499330177726,0.06932152731686263,-1.6302401800544695,-1.4635959815005735,1.6696905043659778
-34.73175540644135,0.05006876195292875,1.723408998717612,0.8163822360737722,2.4461084464927705,0.13259564085773823,1.8275250185398562,0.012512408736047753,0.35689900398033586,2.729403725802742,-1.6715841412765244,2.1124979436729303,0.5831827161926855,-1.167919670717157,-1.2627848453114545,3.1611749701243053,0.4571596795972972,0.67545835339289,0.0631254970723271,-1.9277513673000188,-1.6615191817504726,2.5650053099488606
-34.53777047464362,0.58962492642021,2.0283200771777476,0.6923540781955256,2.5288087096417926,-0.33376997255877716,1.6562711799963432,-0.38252608276257427,0.4208239164334296,3.5017266536688196,-1.9682798686408094,2.0604822885570133,0.8925225013704206,-1.5636388954735567,-1.6789966279810287,3.7099315054120563,0.3683258266307602,1.493370776716104,-0.003114428723657213,-2.0658542075383024,-1.760293070703816,3.249713049748828
-34.34378554284588,0.7435505841348896,2.2544670832621487,0.7833789124780732,2.332572629146549,-0.7304673725963573,1.1969228314999727,0.05121903074471423,0.9545566642549561,3.0889036283864777,-1.7707121628777303,1.8057722872838575,1.38538969425631,-1.9345524054511196,-1.476567365906464,3.3691598670159877,0.15054364344849058,1.46162120486456,-0.247262193190687,-1.731636019606773,-1.565291222482099,3.3103998538956767
-34.14980061104814,0.8974762418495636,2.4806140893465414,0.8744037467606174,2.136336548651313,-1.1271647726339227,0.7375744830036188,0.48496414425198686,1.4882894120764631,2.6760806031041504,-1.5731444571146582,1.551062286010711,1.8782568871421812,-2.305465915428669,-1.2741381038319068,3.0283882286199315,-0.06723853973377103,1.4298716330130172,-0.4914099576577079,-1.3974178316752557,-1.370289374260389,3.3710866580425227
-33.955815679250406,1.0514018995642376,2.706761095430934,0.9654285810431615,1.9401004681560763,-1.5238621726714885,0.27822613450726497,0.9187092577592595,2.02202215989797,2.2632575778218236,-1.3755767513515864,1.2963522847375646,2.3711240800280526,-2.6763794254062185,-1.0717088417573497,2.6876165902238753,-0.28502072291603264,1.3981220611614744,-0.7355577221247287,-1.0631996437437385,-1.1752875260386793,3.431773462189369
-33.76183074745267,1.2053275572789115,2.932908101515326,1.0564534153257057,1.7438643876608402,-1.9205595727090539,-0.1811222139890889,1.352454371266532,2.555754907719477,1.8504345525394965,-1.1780090455885146,1.0416422834644181,2.863991272913924,-3.0472929353837683,-0.8692795796827925,2.3468449518278196,-0.5028029060982943,1.3663724893099316,-0.9797054865917496,-0.7289814558122212,-0.9802856778169693,3.4924602663362156
-33.567845815654934,1.2614943779908352,3.006279388694926,1.0265618204407199,1.482404688183164,-2.016475942891294,-0.6108211949052829,1.641172605620255,2.7837589574435593,1.657591856034629,-0.8989718110751828,0.7413683853255779,3.238195080040561,-3.367618518326847,-0.7245104350495177,2.096849982061719,-0.6445166272351471,1.285771415923113,-1.1209013725273373,-0.4544757949896804,-0.805542799504219,3.4642819902671445
-33.3738608838572,0.9606289244317523,2.5216871807438315,0.5550623972915969,0.9827369889434723,-1.0138876822972782,-0.9322355290069508,1.4002274552391385,1.8951886315071906,2.2681555776737348,-0.32239368895212983,0.27468721167720367,3.179019565263797,-3.5031881938396388,-0.7903260671583724,2.178387193379018,-0.5084150956843474,1.0267561630161113,-0.8860990933915064,-0.39805066795650157,-0.7047892025981233,3.1115529864529003
-33.17987595205946,0.6597634708726695,2.0370949727927368,0.08356297414247393,0.48306928970378027,-0.011299421703262258,-1.253649863108619,1.159282304858022,1.006618305570822,2.8787192993128405,0.2541844331709231,-0.19199396197117036,3.1198440504870324,-3.63875786935243,-0.856141699267227,2.2599244046963176,-0.3723135641335478,0.7677409101091094,-0.6512968142556755,-0.34162554092332276,-0.6040356056920275,2.7588239826386562
-32.985891020261725,0.3588980173135866,1.5525027648416423,-0.38793644900664903,-0.016598409535911518,0.9912888388907533,-1.575064197210287,0.9183371544769054,0.11804797963445335,3.4892830209519463,0.8307625552939761,-0.6586751356195446,3.0606685357102683,-3.774327544865222,-0.9219573313760817,2.341461616013617,-0.23621203258274814,0.5087256572021075,-0.4164945351198447,-0.285200413890144,-0.5032820087859317,2.4060949788244117
-32.79190608846399,0.05803256375450383,1.0679105568905478,-0.8594358721557722,-0.5162661087756035,1.9938770994847692,-1.896478531311955,0.6773920040957888,-0.7705223463019153,4.099846742591053,1.4073406774170292,-1.1253563092679189,3.0014930209335042,-3.9098972203780136,-0.9877729634849364,2.422998827330916,-0.10011050103194852,0.2497104042951055,-0.18169225598401384,-0.2287752868569652,-0.40252841187983585,2.053365975010167
-32.59792115666625,-0.11147701895083997,0.6980094303668916,-1.181144784907921,-0.7440478399202863,2.7387486332422912,-2.0507324372240516,0.41459041247785194,-1.335338284221824,4.3383334328823695,1.8108760448438947,-1.5095874469222728,2.800470461650807,-3.846677596250622,-1.0135773502442367,2.4212124508033366,-0.03244882267734582,0.09325671162807395,0.06236826633974565,-0.06420247784796078,-0.37360498546889215,1.7656026282425492
-32.40393622486852,0.3273984844034233,0.8593091020336356,-0.8090871231896644,0.2874317548491372,2.289984800598851,-1.4307696231000047,0.05055898776303286,-0.4006602144860947,2.853515977983407,1.4129502326250196,-1.5119447336568386,1.9424721172878028,-2.862749636947367,-0.8540664953844922,2.033506298994096,-0.28177172754732993,0.41182498217789054,0.3493090729023452,0.6012648582071242,-0.6773686645092798,1.7787328509541314
-32.20995129307077,0.7662739877577027,1.0206087737003857,-0.4370294614713939,1.3189113496185985,1.8412209679553933,-0.8108068089759348,-0.31347243695179955,0.5340178552496686,1.3686985230843902,1.0150244204061298,-1.5143020203914044,1.0844737729247667,-1.8788216776440754,-0.694555640524742,1.6458001471848416,-0.5310946324173231,0.7303932527277188,0.6362498794649553,1.2667321942622336,-0.9811323435496785,1.7918630736657137
-32.015966361273044,1.2051494911119498,1.1819084453671238,-0.0649717997531507,2.350390944387984,1.3924571353119688,-0.19084399485191073,-0.6775038616666051,1.468695924985364,-0.11611893181451727,0.6170986081872691,-1.5166593071259702,0.22647542856179337,-0.8948937183408567,-0.5350447856650034,1.2580939953756154,-0.780417537287298,1.0489615232775238,0.9231906860275444,1.9321995303172943,-1.284896022590055,1.8049932963772954
-31.821981429475304,1.644024994466221,1.3432081170338708,0.3070858619651129,3.3818705391574264,0.9436933026685199,0.42911881927214734,-1.0415352863814311,2.40337399472111,-1.6009363867135074,0.21917279596838646,-1.519016593860536,-0.6315229158012268,0.08903424096241697,-0.375533930805256,0.8703878435663679,-1.0297404421572867,1.3675297938273463,1.2101314925901492,2.5976668663723914,-1.588659701630448,1.8181235190888778
-31.627996497677568,2.113710015956915,1.5487928974385277,0.637803082342284,4.268028233621912,0.46809597758501575,0.922910690528785,-1.333534625332964,3.10600803264438,-2.82035631759709,-0.19639334635523706,-1.4437423617144982,-1.3591483756208682,0.9357328679212289,-0.22695033865978043,0.547559193976488,-1.2474464543011683,1.5493371185875953,1.4153394521471572,3.0833022965875143,-1.852240713938713,1.8556890474400927
-31.434011565879832,2.7723600820177006,2.025993011435692,0.7149655958274839,4.262878272882862,-0.17208010113086059,0.6428541121987119,-1.1837371716030476,2.385438675451359,-2.4120047678531518,-0.720153513321308,-0.8923281471007991,-1.2871534769079458,0.9407582565008693,-0.14538729116181576,0.6226458913319866,-1.2712355243916382,0.8923439758385682,1.1192526167365793,2.4659687043176337,-1.8693680369566468,2.0431244503810424
-31.240026634082096,3.4310101480784865,2.5031931254328565,0.7921281093126837,4.2577283121438105,-0.8122561798467369,0.3627975338686388,-1.0339397178731313,1.6648693182583376,-2.0036532181092137,-1.2439136802873787,-0.3409139324871,-1.2151585781950236,0.9457836450805097,-0.06382424366385103,0.697732588687485,-1.2950245944821082,0.23535083308954108,0.8231657813260016,1.848635112047753,-1.8864953599745808,2.2305598533219926
-31.04604170228436,4.089660214139272,2.980393239430021,0.8692906227978837,4.25257835140476,-1.4524322585626133,0.08274095553856553,-0.8841422641432148,0.9442999610653162,-1.5953016683652754,-1.7676738472534497,0.2105002821265991,-1.1431636794821012,0.9508090336601501,0.017738803834113664,0.7728192860429834,-1.3188136645725779,-0.4216423096594859,0.5270789459154238,1.2313015197778725,-1.9036226829925147,2.4179952562629423
-30.852056770486623,4.748310280200058,3.4575933534271854,0.9464531362830836,4.247428390665709,-2.09260833727849,-0.1973156227915075,-0.7343448104132984,0.22373060387229504,-1.1869501186213371,-2.2914340142195204,0.7619144967402982,-1.0711687807691788,0.9558344222397905,0.09930185133207833,0.8479059833984819,-1.3426027346630478,-1.078635452408513,0.23099211050484603,0.6139679275079919,-1.9207500060104485,2.6054306592038925
-30.658071838688887,5.279962383970928,3.9062697741450076,1.0224789672968333,4.183787469961211,-2.6143407607261064,-0.4183750030945787,-0.5354121071951791,-0.44037619902162967,-0.79626033987318,-2.682588915435643,1.2860307936765683,-0.9692198159743364,0.9549156269248656,0.13966479350109795,0.9303799989272122,-1.325629885099376,-1.6389098337718448,-0.028931848856868038,0.06886434919980024,-1.890233657797993,2.7228653631648285
-30.46408690689115,4.703268635029709,4.1060121444249145,1.0885846603779255,3.609679989558218,-2.102383101832459,-0.12454974607103886,0.09233731882911245,-0.6117188916688463,-0.559709653451851,-1.9164614973793852,1.571910718155254,-0.6058535471918056,0.9021203176210023,-0.17953681992798115,1.0773251548768823,-0.9529166458267984,-1.3550932066781252,0.026747473662437925,0.1541318018300393,-1.4439179970293738,2.229384876027411
-30.27010197509341,4.1265748860884806,4.305754514704826,1.154690353459019,3.0355725091552146,-1.5904254429388018,0.16927551095250637,0.7200867448534154,-0.7830615843160661,-0.32315896703051766,-1.1503340793231138,1.8577906426339452,-0.24248727840926831,0.8493250083171381,-0.4987384333570661,1.2242703108265551,-0.580203406554214,-1.0712765795844001,0.0824267961817449,0.23939925446027993,-0.9976023362607465,1.7359043888899846
-30.076117043295675,3.5498811371472625,4.505496884984733,1.220796046540111,2.4614650287522215,-1.0784677840451542,0.46310076797604627,1.347836170877707,-0.9544042769632828,-0.08660828060918868,-0.38420666126685665,2.1436705671126313,0.12087899037326255,0.7965296990132749,-0.8179400467861451,1.371215466776225,-0.2074901672816365,-0.7874599524906803,0.13810611870105086,0.324666707090519,-0.5512866754921273,1.2424239017525671
-29.88213211149794,2.973187388206044,4.70523925526464,1.2869017396212032,1.8873575483492289,-0.5665101251515066,0.7569260249995862,1.9755855969019986,-1.1257469696104994,0.14994240581214036,0.38192075678940096,2.4295504915913173,0.4842452591557931,0.7437343897094116,-1.137141660215224,1.5181606227258952,0.1652230719909411,-0.5036433253969606,0.19378544122035682,0.40993415972075803,-0.10497101472350812,0.7489434146151495
-29.688147179700202,2.4192214910086247,4.860836118846775,1.3136348801774202,1.3239658118842743,-0.06076743734349989,1.01840280564866,2.510614636656576,-1.2548354616413169,0.40436486454749904,1.0981773571534588,2.646140422139898,0.8717803831223854,0.6923306367614073,-1.4677556211297853,1.6785714626312032,0.5119662335166699,-0.26491204794348594,0.26698844773426733,0.4602271380362856,0.29463619535621255,0.27685120817903847
-29.494162247902466,2.189939190151533,4.385782886745785,0.7779029846634061,0.9136561316771743,0.3561899492409737,0.8177584952334536,1.721066729699573,-0.7802925162943768,0.9140983563406928,1.1019937047710664,1.8728732965430896,1.604584866861643,0.6608062603256938,-1.9614031175514026,2.031349216188682,0.48770828437274516,-0.6702571939227511,0.5905297970285028,0.01088476899827373,0.026979824165261124,0.11030586890476415
-29.30017731610473,1.960656889294441,3.9107296546447965,0.242171089149392,0.5033464514700743,0.7731473358254473,0.617114184818247,0.9315188227425701,-0.3057495709474366,1.4238318481338865,1.105810052388674,1.0996061709462814,2.3373893506009003,0.6292818838899803,-2.4550506139730204,2.384126969746161,0.46345033522882045,-1.0756023399020163,0.9140711463227382,-0.43845760003973816,-0.2406765470256903,-0.05623947036951016
-29.106192384306993,1.731374588437349,3.435676422543807,-0.29356080636462223,0.09303677126297427,1.1901047224099208,0.4164698744030405,0.1419709157855671,0.1687933743995036,1.9335653399270805,1.1096264000062817,0.326339045349473,3.070193834340158,0.5977575074542669,-2.9486981103946377,2.73690472330364,0.43919238608489575,-1.4809474858812814,1.2376124956169736,-0.88779996907775,-0.5083329182166417,-0.2227848096437845
-28.912207452509257,1.5020922875802571,2.960623190442818,-0.8292927018786362,-0.31727290894412596,1.6070621089943944,0.21582556398783392,-0.6475769911714355,0.6433363197464437,2.4432988317202744,1.1134427476238893,-0.4469280802473352,3.8029983180794154,0.5662331310185534,-3.4423456068162555,3.089682476861119,0.41493443694097104,-1.8862926318605469,1.5611538449112092,-1.3371423381157619,-0.7759892894075933,-0.3893301489180588
-28.71822252071152,1.282710917584302,2.482671729321851,-1.3284360185846456,-0.7199817661451655,2.007312392701916,0.013908063132389275,-1.4076643844510175,1.101919682547869,2.932518447263795,1.1069215647807313,-1.191674969451088,4.511097627137285,0.5404059964340925,-3.9093887016370905,3.420105812722122,0.3871148623982323,-2.276260782040123,1.8652057418023649,-1.7610213401587629,-1.035007934402227,-0.5412587221566895
-28.524237588913785,1.406561817441662,1.9042483288414889,-0.5591752699443623,-0.8591954258023413,1.8283831100074694,-0.2321467063180534,-1.1464539702449648,1.0072375171038612,2.7105903528174675,0.7420326592971034,-0.9477203303606038,4.362750880572268,0.7120832460267125,-3.4541458742959366,2.9755760017706625,0.23582560736306546,-2.133159744496255,1.4936232887189624,-1.3021702863732372,-0.9945854045906863,-0.1864727394921601
-28.33025265711605,1.530412717299022,1.3258249283611265,0.21008547869592098,-0.9984090854595171,1.6494538273130226,-0.47820147576849603,-0.8852435560389119,0.9125553516598535,2.48866225837114,0.3771437538134753,-0.7037656912701196,4.21440413400725,0.8837604956193326,-2.9989030469547826,2.531046190819203,0.08453635232789863,-1.9900587069523865,1.12204083563556,-0.8433192325877114,-0.9541628747791457,0.1683132431723693
-28.13626772531831,1.6542636171563845,0.7474015278807535,0.9793462273362183,-1.1376227451166954,1.4705245446185726,-0.7242562452189432,-0.6240331418328543,0.8178731862158439,2.266734163924809,0.012254848329840584,-0.4598110521796308,4.06605738744223,1.0554377452119557,-2.5436602196136207,2.086516379867736,-0.06675290270727091,-1.8469576694085155,0.7504583825521507,-0.3844681788021771,-0.9137403449676044,0.5230992258369052
-27.942282793520572,1.7781145170137445,0.1689781274003912,1.748606975976502,-1.2768364047738712,1.2915952619241258,-0.9703110146693859,-0.36282272762680146,0.723191020771836,2.0448060694784815,-0.3526340571537874,-0.2158564130891465,3.917710640877213,1.2271149948045759,-2.0884173922724663,1.6419865689162765,-0.2180421577424378,-1.7038566318646473,0.37887592946874826,0.07438287498334861,-0.8733178151560637,0.8778852085014346
-27.748297861722836,1.9019654168711047,-0.4094452730799709,2.517867724616785,-1.416050064431047,1.112665979229679,-1.2163657841198285,-0.10161231342074872,0.6285088553278282,1.8228779750321542,-0.7175229626374153,0.0280982260013376,3.7693638943121957,1.3987922443971958,-1.6331745649313123,1.197456757964817,-0.36933141277760456,-1.560755594320779,0.007293476385345832,0.5332339287688743,-0.8328952853445231,1.2326711911659638
-27.5543129299251,0.9333750135602461,-0.4804145706496108,1.5027553672472294,-0.882596722560393,0.5151248652771508,-0.7361959261000826,0.10723802697514284,0.8054093619003323,1.4284213958843837,-0.7233818982881606,0.144857880547087,3.5779440748005986,1.3377892623805838,-1.5339191767191867,1.0993463092920754,-0.1336478092785505,-0.8265143316619428,0.5987902077701807,1.0468531609244922,-0.5579122174427615,1.4541214892505883
-27.360327998127364,-0.045521439780531914,-0.5465965653615878,0.47080930133036114,-0.34279746558096713,-0.08636541689480493,-0.24917489234946544,0.3155944044105597,0.9848719691522452,1.0323371895224436,-0.725853758751793,0.26041758240844837,3.3861179055442214,1.2745911838393498,-1.4380221605743257,1.0045039678106522,0.1056864815651769,-0.08669627442653383,1.1993725918387053,1.5609890740081314,-0.2807163142759914,1.6743139035184174
-27.166343066329627,-1.02441789312131,-0.6127785600735648,-0.5611367645865073,0.19700179139845875,-0.6878556990667606,0.23784614140115168,0.5239507818459765,1.164334576404158,0.6362529831605033,-0.7283256192154256,0.37597728426980975,3.194291736287844,1.211393105298116,-1.342125144429465,0.909661626329229,0.3450207724089042,0.6531217828088751,1.7999549759072297,2.0751249870917707,-0.0035204111092212997,1.8945063177862465
-26.97235813453189,-2.003314346462088,-0.6789605547855417,-1.5930828305033762,0.7368010483778846,-1.2893459812387165,0.724867175151769,0.7323071592813934,1.3437971836560707,0.2401687767985632,-0.7307974796790581,0.49153698613117114,3.0024655670314666,1.148195026756882,-1.2462281282846042,0.8148192848478057,0.5843550632526315,1.3929398400442845,2.400537359975754,2.5892609001754097,0.2736754920575488,2.1146987320540758
-26.778373202734155,-2.982210799802866,-0.7451425494975188,-2.625028896420244,1.2766003053573103,-1.8908362634106721,1.2118882089023861,0.9406635367168104,1.5232597909079835,-0.15591542956337712,-0.7332693401426906,0.6070966879925325,2.8106393977750894,1.084996948215648,-1.1503311121397435,0.7199769433663825,0.823689354096359,2.1327578972796934,3.0011197440442787,3.103396813259049,0.5508713952243189,2.3348911463219046
-26.58438827093642,-2.164123685107842,0.08272330847209386,-1.9473581110612956,1.2479193170791665,-2.0851287883818665,1.4028344541401023,0.896594409929358,1.1434429890592015,-0.14303925588505892,-0.828503453001682,0.3243924619315567,2.7144448500617333,0.8758478907622952,-1.5586336234062548,0.658707507908456,0.39563723088196384,1.828481183644799,2.8951467326488065,2.380090546077185,0.5371243128750016,2.2824179750205427
-26.390403339138683,-1.2579491406071224,0.9544150415731665,-1.1858825780907691,1.1913716501119203,-2.259460638980471,1.579267229352673,0.8401514839152918,0.7362105299015559,-0.11011600475378282,-0.9282847350957412,0.022165494305756206,2.622938126933821,0.6595443735583467,-1.9916517977811719,0.5990838031379562,-0.06512991262940526,1.4730233537907613,2.7545386528482285,1.596125348490136,0.5091153194709709,2.216578843642256
-26.196418407340943,-0.35177459610638584,1.8261067746742552,-0.42440704512022887,1.134823983144673,-2.433792489579078,1.7557000045652473,0.7837085579012245,0.32897807074390295,-0.07719275362250612,-1.028066017189802,-0.2800614733200497,2.5314314038059065,0.44324085635439425,-2.4246699721560967,0.5394600983674553,-0.5258970561407827,1.117565523936717,2.6139305730476483,0.8121601509030727,0.48110632606693965,2.150739712263969
-26.002433475543206,0.5543999483943338,2.6977985077753277,0.3370684878502974,1.0782763161774267,-2.608124340177682,1.932132779777818,0.7272656318871583,-0.07825438841374277,-0.04426950249123002,-1.127847299283861,-0.5822884409458502,2.439924680677994,0.2269373391504459,-2.857688146531014,0.4798363935969555,-0.9866641996521517,0.7621076940826794,2.4733224932470708,0.028194953316023952,0.4530973326629089,2.0849005808856824
-25.80844854374547,1.460574492895053,3.5694902408764007,1.0985440208208237,1.0217286492101805,-2.782456190776286,2.108565554990389,0.6708227058730921,-0.48548684757138827,-0.01134625135995393,-1.2276285813779202,-0.8845154085716507,2.3484179575500814,0.010633821946497424,-3.2907063209059313,0.42021268882645574,-1.4474313431635206,0.4066498642286416,2.332714413446493,-0.7557702442710248,0.42508833925887823,2.019061449507396
-25.614463611947734,1.5951473387804875,3.0226293693889574,1.5374862497502884,0.5801270008087402,-1.9762320301749936,1.6970810727639827,0.7028654867952493,-0.6941146579655614,0.2783539916642566,-1.077720338648024,-0.6494274085218408,2.3014140996066,-0.12730648021466867,-3.0005166313865157,0.5634990171952616,-1.333028554916388,0.434449856931511,2.2350185134194147,-0.8816798979585835,0.28718276186423675,1.657683085311563
-25.420478680149998,1.6588588041808017,2.3454932587045314,1.9468080732065767,0.10316325207148536,-1.0799568073205952,1.2316041893441683,0.7430345061095135,-0.8845032659222619,0.5916357951684448,-0.9048814252710162,-0.3649941563385266,2.2584972394861813,-0.2580501605861872,-2.6439098931420704,0.7254199404442192,-1.1658040382424226,0.49744699660391345,2.141263527861334,-0.9471558792471727,0.1391846410418801,1.2691633629998162
-25.22649374835226,1.7225702695811158,1.6683571480201054,2.356129896662865,-0.37380049666576953,-0.1836815844661963,0.7661273059243541,0.7832035254237777,-1.0748918738789626,0.9049175986726329,-0.7320425118940084,-0.08056090415521244,2.2155803793657625,-0.3887938409577057,-2.287303154897625,0.8873408636931768,-0.998579521568457,0.560444136276316,2.0475085423032535,-1.012631860535762,-0.008813479780476585,0.8806436406880698
-25.032508816554525,1.78628173498143,0.9912210373356793,2.7654517201191533,-0.8507642454030244,0.7125936383882023,0.3006504225045399,0.823372544738042,-1.265280481835663,1.218199402176821,-0.5592035985170005,0.20387234802810172,2.1726635192453436,-0.5195375213292242,-1.9306964166531795,1.0492617869421343,-0.8313550048944914,0.6234412759487185,1.9537535567451725,-1.0781078418243513,-0.15681160060283328,0.4921239183763231
-24.83852388475679,1.849993200381744,0.3140849266512533,3.174773543575441,-1.3277279941402793,1.608868861242601,-0.16482646091527453,0.8635415640523062,-1.4556690897923636,1.5314812056810092,-0.38636468513999267,0.4883056002114159,2.129746659124925,-0.6502812017007427,-1.574089678408734,1.211182710191092,-0.6641304882205259,0.686438415621121,1.8599985711870917,-1.1435838231129405,-0.3048097214251899,0.1036041960645766
-24.644538952959053,1.1939510319361721,-0.22541907236171838,2.469415285591779,-1.2312863841791177,1.5363192697624237,-0.33882264076890245,0.25547044374508854,-0.5337170344779685,2.117597677490905,0.25053849456920935,0.7422544005186774,2.249507650594743,-1.0455400437282145,-1.446009464741648,0.8122950938283553,0.1089856525077455,0.6050449284087422,1.5506751747432292,-1.070887855784597,0.016582772660986622,0.42539485393293647
-24.450554021161317,0.43836846732036316,-0.7458888431647965,1.6098991440046246,-1.0555440331213186,1.329783267789085,-0.4725076594910118,-0.44225090863749517,0.5420693678846507,2.7414466034282094,0.9516207749414136,0.9919872659920143,2.3917666428164157,-1.477380769814511,-1.3495339831969821,0.33584884964693285,0.9658953157116635,0.5036825247122859,1.2115391257300385,-0.9790830019453898,0.402890990085617,0.845419926081584
-24.25656908936358,-0.31721409729544536,-1.2663586139678746,0.7503830024174705,-0.8798016820635195,1.1232472658157464,-0.6061926782131212,-1.1399722610200786,1.6178557702472702,3.365295529365514,1.6527030553136182,1.2417201314653512,2.534025635038089,-1.9092214959008071,-1.2530585016523164,-0.1405973945344896,1.822804978915582,0.4023201210158295,0.8724030767168477,-0.8872781481061824,0.7891992075102473,1.2654449982302316
-24.06258415756584,-1.0727966619112679,-1.7868283847709623,-0.10913313916969924,-0.7040593310057172,0.9167112638424038,-0.7398776969352331,-1.8376936134026756,2.693642172609909,3.989144455302829,2.353785335685835,1.4914529969386927,2.6762846272597645,-2.3410622219871113,-1.1565830201076488,-0.6170436387159208,2.6797146421195155,0.30095771731937127,0.5332670277036506,-0.7954732942669733,1.1755074249348847,1.6854700703788867
-23.868599225768104,-1.8283792265270766,-2.30729815557404,-0.9686492807568534,-0.5283169799479179,0.7101752618690651,-0.8735627156573424,-2.535414965785259,3.7694285749725287,4.612993381240133,3.054867616058039,1.7411858624120296,2.8185436194814377,-2.7729029480734075,-1.060107538562983,-1.0934898828973432,3.536624305323434,0.19959531362291488,0.19413097869045992,-0.703668440427766,1.561815642359515,2.1054951425275346
-23.674614293970368,-1.605065090592155,-2.135846568171311,-0.8961397868914674,-0.7346568058948039,0.46487414394549326,-0.47320066632943003,-2.1187138338478446,3.046349651074842,4.244428514770781,3.1853194829484304,1.9377359074431522,2.4320780565212456,-2.647264992372453,-0.8159833130234998,-1.2657546751574336,3.5693273654895323,0.07670365417711773,0.020587000090474428,-0.5407329013705974,1.9732852395699814,1.903164445358669
-23.480629362172632,-1.1968482445531665,-1.833698724218567,-0.6475810063294534,-1.013167709720368,0.21225072634243142,0.02803694029684156,-1.4915106770943847,1.9834850544390237,3.688407709735685,3.207985605070011,2.1242403086129658,1.9457422998044573,-2.416325507889439,-0.5439698802849897,-1.3805629709434823,3.4463469561928988,-0.05025464246577796,-0.12167847632034309,-0.36436156621669985,2.3895075418511067,1.583277658429803
-23.286644430374896,-0.788631398514178,-1.5315508802658226,-0.39902222576743906,-1.2916786135459324,-0.04037269126063048,0.5292745469231133,-0.8643075203409247,0.9206204578032056,3.1323869047005894,3.2306517271915918,2.310744709782779,1.459406543087669,-2.1853860234064255,-0.2719564475464795,-1.495371266729531,3.323366546896265,-0.17721293910867367,-0.26394395273116056,-0.18799023106280233,2.805729844132232,1.2633908715009374
-23.09265949857716,-0.3804145524751896,-1.2294030363130788,-0.15046344520542487,-1.5701895173714966,-0.2929961088636923,1.0305121535493849,-0.237104363587465,-0.14224413883261278,2.576366099665494,3.2533178493131722,2.4972491109525925,0.9730707863708807,-1.9544465389234116,5.698519203067853e-05,-1.6101795625155795,3.200386137599632,-0.30417123575156935,-0.406209429141978,-0.011618895908904747,3.221952146413357,0.9435040845720715
-22.898674566779423,0.02780229356379893,-0.9272551923603347,0.09809533535658921,-1.8487004211970608,-0.5456195264667543,1.5317497601756567,0.39009879316599516,-1.2051087354684302,2.0203452946303986,3.275983971434753,2.683753512122406,0.48673502965409243,-1.7235070544403976,0.2720704179305409,-1.724987858301628,3.0774057283029985,-0.43112953239446505,-0.5484749055527955,0.16475243924499272,3.638174448694482,0.6236172976432057
-22.704689634981687,-0.13607008804968485,-0.8153183425954659,0.2248904259671487,-1.939543939256047,-0.5267051369338877,1.914641933892329,0.6652901715604105,-1.3906602759971702,1.4477106879062926,2.4921003852129835,1.981199128729553,0.6309307954085656,-1.7495410931132462,0.08370902404494471,-1.7632065516013595,2.4066692345217895,-0.6424554438228192,-0.7273519343259305,0.10371875414601114,3.0093972552464416,0.3932410935302921
-22.51070470318395,-0.43963867641555854,-0.7498283635043943,0.3219525225197859,-1.984561700325506,-0.4414850037980419,2.2686358042240906,0.8545251854717777,-1.3619842098020234,0.871019222630218,1.511268614395685,1.0615489956178437,0.9290935608363005,-1.8383244804637078,-0.21706947866750181,-1.7827231326660546,1.6021783480175629,-0.8743827495592564,-0.9151689933270759,-0.015285924270551476,2.1254457663295745,0.18472212475616384
-22.316719771386214,-0.7432072647814323,-0.6843383844133228,0.4190146190724231,-2.0295794613949654,-0.35626487066219614,2.622629674555852,1.043760199383145,-1.3333081436068768,0.2943277573541432,0.5304368435783866,0.14189886250613437,1.2272563262640352,-1.9271078678141695,-0.5178479813799485,-1.8022397137307495,0.7976874615133358,-1.1063100552956937,-1.1029860523282213,-0.1342906026871141,1.2414942774127073,-0.023796844017964336
-22.122734839588475,-1.0467758531473115,-0.6188484053222502,0.5160767156250621,-2.0745972224644254,-0.27104473752634883,2.97662354488762,1.2329952132945154,-1.3046320774117295,-0.2823637079219419,-0.4503949272389298,-0.777751270605592,1.5254190916917756,-2.015891255164633,-0.8186264840924005,-1.821756294795445,-0.006803424990905693,-1.3382373610321352,-1.2908031113293703,-0.25329528110367894,0.3575427884958242,-0.23231581279209634
-21.92874990779074,-1.3503444415131853,-0.5533584262311786,0.6131388121776993,-2.1196149835338844,-0.18582460439050308,3.3306174152193817,1.4222302272058827,-1.2759560112165829,-0.8590551731980167,-1.4312266980562285,-1.697401403717301,1.8235818571195104,-2.1046746425150946,-1.119404986804847,-1.84127287586014,-0.8112943114951325,-1.5701646667685725,-1.4786201703305157,-0.37229995952024153,-0.5264087004210429,-0.4408347815662246
-21.734764975993002,-0.7287455965282782,-0.7771840815420261,0.10801133917081618,-2.213081547413332,-0.3771238975323628,2.756156638955808,0.9970153222942201,-1.4920707967595388,-0.6299477925105991,-1.452597979490745,-1.4915548018931482,1.705886925969806,-1.8588581697839104,-0.8833030291966046,-1.5998731655844523,-0.47792684611672864,-1.4682791036223666,-1.4833978606951261,0.2051004319000742,-0.4329740301133988,-0.2740379476812653
-21.540780044195266,0.17491649033185586,-1.0892157229510162,-0.5807105147993281,-2.321319087759239,-0.652727893807666,1.8986304216570828,0.3844681250584705,-1.782816939539718,-0.15517003195627288,-1.181450819040279,-0.9425689516129536,1.4614061117172286,-1.5110295445888138,-0.483518004417427,-1.2789258055098705,0.2023486533722193,-1.2646213243534077,-1.4323708654998195,0.9948194421730883,-0.04155577467634275,0.0071844357948746
-21.34679511239753,1.07857857719199,-1.4012473643600063,-1.2694323687694724,-2.429556628105146,-0.9283318900829693,1.0411042043583576,-0.22807907217727919,-2.0735630823198976,0.3196077285980532,-0.9103036585898128,-0.3935831013327591,1.2169252974646514,-1.1632009193937174,-0.08373297963824933,-0.9579784454352888,0.8826241528611675,-1.0609635450844488,-1.3813438703045127,1.7845384524461023,0.34986248076071336,0.2884068192710146
-21.152810180599793,1.982240664052124,-1.7132790057689962,-1.9581542227396165,-2.537794168451053,-1.2039358863582728,0.18357798705963235,-0.8406262694130286,-2.364309225100077,0.7943854891523794,-0.6391564981393467,0.15540274894743544,0.972444483212074,-0.8153722941986208,0.31605204514092833,-0.6370310853607069,1.5628996523501155,-0.8573057658154899,-1.330316875109206,2.5742574627191166,0.7412807361977696,0.5696292027471546
-20.958825248802057,2.8859027509122575,-2.025310647177986,-2.646876076709761,-2.6460317087969596,-1.479539882633576,-0.6739482302390929,-1.4531734666487783,-2.655055367880256,1.2691632497067058,-0.36800933768888067,0.7043885992276302,0.7279636689594966,-0.4675436690035244,0.715837069920106,-0.31608372528612505,2.2431751518390635,-0.653647986546531,-1.2792898799138994,3.363976472992131,1.1326989916348256,0.8508515862232944
-20.76484031700432,3.0514379038660406,-1.6157355706634673,-2.0359340740268252,-2.0294678149285823,-0.6336089514182903,-0.5940138954178796,-1.3393728872398523,-2.223832399593037,1.651601910591103,-0.2880812476428856,0.5920558341801506,0.4390067169529362,-0.14371374354514896,0.8865114804322678,-0.03572759739987183,2.3517366088166596,-1.0204388840963385,-0.8250133166287017,3.114867011669214,1.0852184200552402,0.8583263256111984
-20.570855385206585,2.9425412480596775,-0.9378708169721683,-0.9417837143829668,-1.1434264647496746,0.6293029143769702,-0.16553653480836705,-0.955519929334738,-1.5241850182165664,1.9997093677520539,-0.2792474273626796,0.23384819933127343,0.13351376501219692,0.17119358842136556,0.9720037394861514,0.22953691851892094,2.2477377166553483,-1.5993196743096052,-0.22081063187413497,2.479526451932294,0.8745575153540277,0.7640230947611341
-20.37687045340885,2.8336445922533144,-0.2600060632808696,0.15236664526089205,-0.2573851145707673,1.8922147801722304,0.2629408258011454,-0.5716669714296236,-0.8245376368400956,2.347816824913005,-0.2704136070824736,-0.12435943551760387,-0.1719791869285423,0.4861009203878801,1.057495998540035,0.4948014344377138,2.143738824494037,-2.178200464522872,0.38339205288043154,1.844185892195375,0.6638966106528151,0.6697198639110696
-20.182885521611112,2.7247479364469513,0.4178586904104291,1.2465170049047503,0.6286562356081404,3.155126645967491,0.6914181864106581,-0.18781401352450944,-0.12489025546362509,2.695924282073956,-0.26157978680226757,-0.48256707036648105,-0.4774721388692815,0.8010082523543947,1.1429882575939185,0.7600659503565066,2.0397399323327257,-2.7570812547361387,0.9875947376349985,1.2088453324584556,0.4532357059516028,0.5754166330610053
-19.988900589813376,2.6158512806405883,1.0957234441017283,2.340667364548609,1.5146975857870482,4.418038511762751,1.1198955470201706,0.19603894438060498,0.5747571259128459,3.044031739234907,-0.25274596652206155,-0.8407747052153585,-0.782965090810021,1.115915584320909,1.228480516647802,1.0253304662752993,1.9357410401714144,-3.3359620449494054,1.5917974223895652,0.5735047727215363,0.24257480125039033,0.4811134022109409
-19.79491565801564,2.7621311893710714,1.1738962526666525,2.409240229231547,1.6239011347404553,4.248052639952435,0.7628443537484197,0.18845774280340194,0.7371994987931935,2.855275860965162,-0.3825413628942577,-0.5592834151078963,-0.4272270044502264,1.4008347771384368,1.281995636633905,0.7190026086867682,2.024602023259156,-3.2937524778723652,1.7248879000959274,0.8499880383872477,0.44128245093161533,0.4786170767499236
-19.600930726217904,3.0222060525572014,0.9846388694859705,2.0204609677831593,1.3866770155797092,3.43907183110165,0.05548988644845765,0.0063180647002610835,0.6600774759927833,2.4271079547330254,-0.574157896422269,0.007479017209890637,0.223384382773387,1.6723808808760077,1.3212506810897782,0.15777544939896693,2.199468085849874,-2.97457018389553,1.6478877989834486,1.533095442408279,0.8225463478374825,0.5170616685570042
-19.406945794420167,3.2822809157433315,0.7953814863052885,1.631681706334772,1.1494528964189634,2.6300910222508644,-0.6518645808515044,-0.17582161340287977,0.5829554531923731,1.9989400485008888,-0.7657744299502802,0.5742414495276773,0.8739957699970005,1.9439269846135787,1.3605057255456514,-0.40345170988883416,2.3743341484405915,-2.6553878899186953,1.5708876978709696,2.2162028464293106,1.2038102447433499,0.5555062603640847
-19.21296086262243,3.5423557789294615,0.6061241031246066,1.2429024448863841,0.9122287772582175,1.821110213400079,-1.3592190481514663,-0.3579612915060206,0.5058334303919629,1.5707721422687522,-0.9573909634782916,1.1410038818454642,1.524607157220614,2.2154730883511498,1.3997607700015247,-0.9646788691766353,2.549200211031309,-2.33620559594186,1.4938875967584906,2.8993102504503416,1.585074141649217,0.5939508521711653
-19.018975930824695,3.802430642115592,0.41686671994392466,0.8541231834379965,0.6750046580974716,1.012129404549293,-2.066573515451428,-0.5401009696091614,0.42871140759155274,1.1426042360366155,-1.149007497006303,1.7077663141632509,2.175218544444227,2.487019192088721,1.439015814457398,-1.5259060284644366,2.7240662736220265,-2.017023301965025,1.4168874956460116,3.582417654471373,1.9663380385550842,0.6323954439782458
-18.82499099902695,3.783944328109941,0.44540463910474437,0.2135131676475821,0.8553219282781892,0.6288999462282541,-1.8677241368727302,-0.2932220434213655,0.6013071854393166,1.1463801055759553,-0.906719362580935,1.89166317202828,2.407277438547701,2.5920361110142274,1.2260117716603502,-1.4105587671329503,2.5271170448947307,-1.289571825560047,1.5481563651716517,3.830489756224992,1.6236153484939053,0.8807890523563713
-18.631006067229215,3.618218534731469,0.5890629323603749,-0.5602073897236031,1.2563396471108486,0.47071048747299565,-1.18988129690096,0.18042385932023386,0.9058966579154126,1.3784691137373977,-0.43508161795161504,1.873188226253951,2.418101443430481,2.609030460824766,0.8796707827438923,-0.9375935977597895,2.13363687647075,-0.3463209241573424,1.7895102620345935,3.848614626780071,0.8982140338929603,1.2401557123506242
-18.43702113543148,3.452492741352997,0.7327212256160054,-1.333927947094788,1.657357365943508,0.3125210287177371,-0.5120384569291898,0.6540697620618332,1.2104861303915087,1.61055812189884,0.0365561266777048,1.854713280479622,2.4289254483132607,2.626024810635305,0.5333297938274344,-0.46462842838662866,1.740156708046769,0.5969299772453625,2.0308641588975354,3.8667394973351494,0.17281271929201503,1.599522372344877
-18.243036203633743,3.286766947974525,0.8763795188716361,-2.107648504465973,2.0583750847761673,0.15433156996247865,0.16580438304258038,1.1277156648034325,1.5150756028676047,1.8426471300602827,0.5081938713070249,1.8362383347052933,2.4397494531960406,2.6430191604458435,0.18698880491097647,0.008336740986532254,1.3466765396227884,1.5401808786480669,2.272218055760477,3.8848643678902284,-0.5525885953089302,1.9588890323391301
-18.049051271836007,3.1210411545960532,1.0200378121272666,-2.8813690618371584,2.459392803608827,-0.0038578887927798178,0.8436472230143508,1.6013615675450317,1.8196650753437007,2.0747361382217253,0.9798316159363447,1.8177633889309643,2.450573458078821,2.6600135102563818,-0.15935218400548146,0.48130191035969316,0.9531963711988076,2.483431780050772,2.513571952623419,3.9029892384453073,-1.2779899099098753,2.3182556923333832
-17.85506634003827,2.9747708135721673,1.1071639158287954,-2.8929834195545574,2.5235056341910904,0.4565437773660937,1.0279719172691917,2.205828620463009,1.8198319916822423,1.849250936994742,1.2219994676356483,1.6907281826953366,1.8383656326605102,2.2611042017839207,0.07143658034656086,0.6942509716870792,1.1997580698558326,2.832853677321452,2.431635321403026,4.015258609032149,-1.440876218737386,2.4939323444755823
-17.661081408240534,2.840586435374615,1.1591715381406553,-2.4311681683961313,2.378329064496598,1.3012217483958581,0.9057171573665536,2.891563357581462,1.6308879261777622,1.3395150905416227,1.3216178403935814,1.4962540267792068,0.8391228823581978,1.6038304995296022,0.6607453429411478,0.7456748749860331,1.8439215344268063,2.813381799298004,2.1488666954642017,4.186011684184176,-1.254321387614742,2.5554985371945387
-17.467096476442798,2.7064020571770624,1.2111791604525153,-1.9693529172377051,2.233152494802106,2.1458997194256226,0.7834623974639154,3.577298094699915,1.441943860673282,0.8297792440885032,1.4212362131515146,1.301779870863077,-0.16011986794411426,0.9465567972752837,1.2500541055357348,0.7970987782849872,2.48808499899778,2.793909921274556,1.866098069525378,4.356764759336202,-1.067766556492098,2.617064729913495
-17.27311154464506,2.57221767897951,1.2631867827643752,-1.5075376660792787,2.0879759251076138,2.990577690455387,0.6612076375612772,4.263032831818368,1.2529997951688019,0.3200433976353838,1.520854585909448,1.1073057149469472,-1.1593626182464267,0.28928309502096505,1.8393628681303213,0.8485226815839412,3.1322484635687537,2.7744380432511075,1.583329443586554,4.527517834488228,-0.8812117253694539,2.6786309226324514
-17.079126612847325,2.4380333007819575,1.3151944050762354,-1.0457224149208524,1.9427993554131213,3.835255661485152,0.5389528776586392,4.9487675689368205,1.0640557296643216,-0.18969244881773584,1.6204729586673812,0.9128315590308173,-2.158605368548739,-0.3679906072333532,2.4286716307249083,0.8999465848828951,3.7764119281397273,2.7549661652276596,1.30056081764773,4.6982709096402555,-0.6946568942468098,2.7401971153514078
-16.88514168104959,2.1703884311863586,1.2746134410320278,-0.5759233602345115,1.9230759499909036,4.049808245642951,0.7136979592974407,5.0060058666292955,1.148059898714408,-0.1919352686471543,1.6675336626332413,1.074734603982687,-1.8789321792369025,-0.3753192441361748,2.3417365009134485,1.1014872500759318,3.759070827257657,2.8277109868008923,1.4114867455441775,4.791252954550267,-0.23009609733751607,2.6059064904922464
-16.691156749251853,1.8058770758986316,1.1668310836648694,-0.10032960943920011,1.9944072605727539,3.8070117586840104,1.1040074420550245,4.607077393770667,1.430171657360546,0.17416362439545957,1.6764476715080812,1.4952985205322926,-0.67101354988256,0.08908644058707982,1.7639791911298681,1.4119836295469295,3.2616054449983873,2.967387283887843,1.8081587205791225,4.827788283962044,0.4362432231265996,2.3294617238425195
-16.497171817454117,1.4413657206109045,1.059048726297711,0.3752641413561113,2.065738571154604,3.56421527172507,1.4943169248126085,4.2081489209120395,1.7122834160066844,0.5402625174380735,1.6853616803829212,1.9158624370818982,0.5369050794717825,0.5534921253103344,1.1862218813462877,1.722480009017927,2.7641400627391177,3.1070635809747937,2.2048306956140675,4.864323613373821,1.1025825435907153,2.0530169571927925
-16.30318688565638,1.0768543653231775,0.9512663689305527,0.8508578921514227,2.137069881736455,3.321418784766129,1.8846264075701924,3.8092204480534106,1.9943951746528223,0.9063614104806874,1.6942756892577613,2.336426353631504,1.7448237088261251,1.017897810033589,0.6084645715627075,2.0329763884889247,2.266674680479848,3.246739878061745,2.6015026706490127,4.9008589427855975,1.768921864054831,1.7765721905430656
-16.109201953858644,0.7123430100354504,0.8434840115633944,1.3264516429467341,2.208401192318305,3.078622297807188,2.274935890327776,3.410291975194782,2.2765069332989607,1.2724603035233013,1.7031896981326013,2.7569902701811095,2.9527423381804674,1.4823034947568434,0.03070726177912686,2.343472767959922,1.7692092982205785,3.3864161751486956,2.9981746456839575,4.937394272197374,2.4352611845189465,1.5001274238933386
-15.915217022060908,0.5498937948957656,1.154642767167446,1.7239415565978837,2.5588559909742323,2.873200232995918,2.6660059475942726,3.287614749402408,2.5831564061053167,1.3745406260074704,1.6261300598314492,2.9464411956702174,3.798662290059975,1.9724756028081245,-0.15228329131688212,2.205219552197384,1.6867879432295878,3.2512887944096107,3.288896949039085,4.477440623936331,2.588048394845476,1.341386929292629
-15.721232090263172,0.5581522498811977,1.8197345320058926,2.055447194041016,3.145122012313497,2.69935311103355,3.0577185591872635,3.3983221978557268,2.9105360167366903,1.2535707768128925,1.4764375127091807,2.9406414907805747,4.338755773038244,2.484415896084813,-0.001763998245713827,1.6878502990822715,1.9550072319653433,2.8839996858519146,3.4901100470095137,3.5980393910895123,2.3069726155728913,1.2820862507333577
-15.527247158465435,0.5664107048666297,2.4848262968443393,2.3869528314841486,3.7313880336527614,2.5255059890711817,3.4494311707802545,3.5090296463090453,3.2379156273680643,1.1326009276183142,1.326744965586912,2.934841785890932,4.8788492560165135,2.9963561893615016,0.14875529482545452,1.1704810459671586,2.2232265207010986,2.5167105772942184,3.691323144979943,2.718638158242694,2.0258968363003063,1.2227855721740866
-15.3332622266677,0.5746691598520618,3.1499180616827864,2.718458468927281,4.317654054992026,2.3516588671088137,3.841143782373246,3.619737094762364,3.565295237999438,1.0116310784237363,1.1770524184646431,2.929042081001289,5.418942738994783,3.5082964826381904,0.29927458789662287,0.653111792852046,2.491445809436854,2.1494214687365227,3.8925362429503716,1.839236925395876,1.7448210570277214,1.1634848936148154
-15.139277294869963,0.5829276148374938,3.815009826521233,3.049964106370413,4.903920076331291,2.177811745146446,4.232856393966237,3.7304445432156825,3.8926748486308114,0.8906612292291582,1.0273598713423744,2.923242376111647,5.959036221973052,4.020236775914879,0.44979388096779116,0.1357425397369334,2.7596650981726096,1.7821323601788264,4.093749340920801,0.9598356925490577,1.4637452777551365,1.104184215055544
-14.945292363072227,0.8328486492991825,4.122678903569103,3.286175608856105,4.873385782365715,2.065635692653063,4.242494492008893,3.8293256295191687,3.814928517934365,0.7163882174828189,1.279498501699768,2.4470395174893858,5.9549285847977265,4.234854408894053,0.7416619564473799,-0.056115961652639615,2.9352959011835207,1.553533458311609,4.447865813472913,0.6947695392845503,1.6079334332460604,1.0496694254300114
-14.751307431274483,1.3199570302839294,4.079544231489112,3.4288576825872594,4.237473401156355,2.0139886527866566,3.8771335304557617,3.9165993603793003,3.3395585781568116,0.4897991387875099,1.9260269914354515,1.5091446746479469,5.416697625990041,4.157655356766346,1.1722612442908322,0.07150831179958923,3.0200528200570695,1.4610564259739596,4.952054116633023,1.0326618900546678,2.1695102654494214,0.9998518971653689
-14.557322499476747,1.8070654112686584,4.036409559409122,3.571539756318408,3.6015610199470185,1.9623416129202522,3.5117725689026438,4.00387309123943,2.864188638379276,0.26321006009220915,2.5725554811711113,0.5712498318065422,4.878466667182376,4.080456304638642,1.6028605321342688,0.19913258525181338,3.1048097389306157,1.3685793936363133,5.4562424197931145,1.370554240824773,2.731087097652762,0.9500343689007283
-14.363337567679011,2.2941737922533876,3.9932748873291324,3.7142218300495564,2.9656486387376817,1.9106945730538478,3.146411607349526,4.091146822099558,2.3888186986017406,0.0366209813969085,3.219083970906771,-0.36664501103486247,4.340235708374712,4.003257252510937,2.0334598199777054,0.32675685870403753,3.1895666578041615,1.2761023612986673,5.960430722953205,1.7084465915948783,3.2926639298561025,0.9002168406360878
-14.169352635881275,2.7812821732381168,3.9501402152491427,3.8569039037807054,2.329736257528345,1.8590475331874436,2.781050645796408,4.178420552959687,1.9134487588242046,-0.18996809729839215,3.865612460642431,-1.3045398538762676,3.8020047495670464,3.926058200383233,2.4640591078211425,0.4543811321562617,3.2743235766777072,1.183625328961021,6.464619026113297,2.046338942364984,3.854240762059443,0.8503993123714473
-13.975367704083538,3.2955608283876128,3.837530214401703,3.7763856032341527,1.8130039441121186,1.9737092847063205,2.460548814462163,4.224871471773052,1.682117131955105,-0.14083651178180442,4.3427939476904855,-1.541700154819397,3.539930492252497,3.6745957355110135,2.9425464260334735,0.9059888789074108,3.1656048138641557,1.2640916821244403,6.627211893644321,2.0790730228229526,4.0718926012184316,0.9528144797057893
-13.781382772285802,3.8408135960849457,3.645718338759363,3.441418876010997,1.4321369079800514,2.2779630584044352,2.191186391577437,4.224784384853101,1.7289891818016476,0.22261663093636536,4.6269198516746535,-0.9800230779984178,3.592674874640129,3.2244729801100274,3.475626098866349,1.7269377852193684,2.836323773927292,1.5417134947590927,6.400385964558171,1.7639266751250542,3.8974699483068234,1.2287749200229876
-13.587397840488066,4.3860663637822785,3.453906463117023,3.1064521487878416,1.051269871847984,2.5822168321025503,1.9218239686927117,4.22469729793315,1.7758612316481903,0.5860697736545353,4.9110457556588205,-0.4183460011774387,3.6454192570277604,2.774350224709041,4.0087057716992245,2.547886691531326,2.5070427339904287,1.819335307393745,6.173560035472022,1.4487803274271553,3.723047295395215,1.504735360340186
-13.39341290869033,4.931319131479611,3.2620945874746825,2.771485421564686,0.6704028357159169,2.8864706058006653,1.652461545807986,4.224610211013199,1.822733281494733,0.949522916372705,5.1951716596429875,0.14333107564354042,3.698163639415392,2.324227469308055,4.541785444532099,3.368835597843284,2.177761694053565,2.096957120028397,5.946734106385872,1.133633979729257,3.548624642483607,1.7806958006573845
-13.199427976892594,5.476571899176944,3.070282711832342,2.4365186943415305,0.2895357995838497,3.1907243794987803,1.3830991229232605,4.224523124093248,1.8696053313412757,1.3129760590908748,5.4792975636271555,0.7050081524645195,3.7509080218030237,1.874104713907069,5.074865117364975,4.1897845041552415,1.8484806541167011,2.3745789326630495,5.719908177299723,0.8184876320313583,3.374201989571999,2.0566562409745828
-13.005443045094857,5.662351694089376,2.8829933128463185,2.291311069410669,0.357417844332625,3.513724406265355,1.3135255703457112,3.915171115429406,1.910392457346304,1.5449087142059637,5.4006522608599825,1.3683204058149578,3.765501699996129,1.6312060984255858,5.21352601360967,4.527939005552742,1.5904980468838548,2.4760319943330793,5.285330357489683,0.8860103160640241,3.166433144588872,2.268674972105993
-12.811458113297121,5.371439068569558,2.7017011111654106,2.397740514910946,1.0203801919887288,3.8615835947096744,1.5088894327407774,3.195706927931187,1.94311044521367,1.602433766195192,4.840940792618107,2.166409741084924,3.729504226974744,1.663104711967849,4.829153314813409,4.225866143911372,1.4270633612802683,2.343869973202147,4.575255465197905,1.4609854117395,2.9144443492500267,2.3959014367084057
-12.617473181499385,5.080526443049739,2.520408909484503,2.504169960411223,1.6833425396448325,4.209442783153994,1.7042532951358436,2.476242740432968,1.9758284330810363,1.6599588181844203,4.2812293243762305,2.9644990763548904,3.6935067539533586,1.6950033255101122,4.444780616017147,3.923793282270002,1.263628675676682,2.211707952071215,3.8651805729061275,2.035960507414976,2.662455553911181,2.523127901310818
-12.423488249701649,4.789613817529919,2.339116707803595,2.6105994059114996,2.3463048873009362,4.557301971598314,1.8996171575309098,1.7567785529347488,2.0085464209484023,1.7174838701736483,3.721517856134355,3.762588411624856,3.657509280931973,1.7269019390523754,4.060407917220886,3.621720420628632,1.1001939900730955,2.0795459309402826,3.15510568061435,2.610935603090452,2.410466758572335,2.6503543659132305
-12.229503317903912,4.498701192010101,2.1578245061226875,2.7170288514117766,3.00926723495704,4.905161160042633,2.0949810199259757,1.0373143654365298,2.0412644088157683,1.7750089221628766,3.1618063878924794,4.5606777468948225,3.6215118079105877,1.7588005525946386,3.6760352184246248,3.3196475589872616,0.936759304469509,1.9473839098093508,2.4450307883225726,3.1859106987659276,2.1584779632334894,2.777580830515643
-12.035518386106176,4.1780777534881315,2.081791345175208,2.7749935899462024,3.59824395179747,4.951812056752009,2.11680394798131,0.6565552593825653,2.206159056007076,1.9337457820966544,2.8142623251134706,5.0921409594548175,3.6772968800036874,1.9946484503807784,3.363173453838801,2.8767278902716664,0.7563087197093288,1.8226469027531649,1.9936286721910765,3.46341996688348,2.1050125035372567,2.9107978313000125
-11.84153345430844,3.8114732948437804,2.168659080600913,2.7579534248429907,4.072719097137437,4.532307263871527,1.8700516205108308,0.7999825888971628,2.5756128188187977,2.2491199638493997,2.795072580312754,5.21096850591599,3.8751263671549383,2.5461321452110566,3.1609833731500974,2.2158310201316445,0.5495240053020356,1.7094009889078972,1.9425534715457855,3.2805654542565628,2.358785539478443,3.053285899985031
-11.647548522510704,3.4448688361994293,2.255526816026618,2.7409132597397794,4.547194242477403,4.112802470991045,1.6232992930403518,0.9434099184117604,2.9450665816305195,2.5644941456021444,2.775882835512038,5.329796052377163,4.072955854306189,3.0976158400413345,2.9587932924613938,1.5549341499916225,0.3427392908947426,1.5961550750626294,1.8914782709004943,3.0977109416296456,2.612558575419629,3.19577396867005
-11.453563590712967,3.0782643775550786,2.342394551452323,2.7238730946365677,5.02166938781737,3.693297678110562,1.3765469655698728,1.0868372479263577,3.314520344442241,2.87986832735489,2.756693090711322,5.448623598838336,4.270785341457439,3.6490995348716124,2.7566032117726906,0.8940372798516005,0.13595457648744946,1.4829091612173617,1.8404030702552032,2.914856429002728,2.8663316113608155,3.3382620373550687
-11.259578658915231,2.711659918910728,2.429262286878028,2.706832929533356,5.496144533157336,3.27379288523008,1.1297946380993935,1.2302645774409553,3.6839741072539622,3.1952425091076346,2.7375033459106053,5.567451145299509,4.46861482860869,4.20058322970189,2.554413131083987,0.23314040971157857,-0.0708301379198436,1.369663247372094,1.7893278696099122,2.7320019163758107,3.1201046473020018,3.4807501060400874
-11.065593727117495,2.6166725516982674,2.519813924640802,2.6446046342655145,5.795084066868713,3.0218059392939676,1.1487544024145318,1.3388705868446749,3.761373706562854,3.3627006229089256,2.7891620492669733,5.353791915861728,4.670478780990623,4.419183218855151,2.406188708289436,-0.2619343980289737,0.0634516881768272,1.2007135052462083,1.9445268103717956,2.6846229180776513,3.331946169069389,3.6195537681261074
-10.871608795319759,3.014884639980608,2.6170547534893056,2.5003242079092582,5.775287884728144,3.073996136493716,1.6501913860246575,1.3842484097312673,3.308464430037603,3.2615742975351796,2.9694666190138497,4.536406698607363,4.879668472870376,4.033336479279029,2.3559545590395405,-0.45591125035993063,0.8170385483465503,0.9306173380844532,2.4742761657941155,2.883238932639631,3.467648888784344,3.751667323492892
-10.677623863522022,3.413096728262948,2.7142955823378094,2.3560437815530015,5.755491702587574,3.126186333693465,2.151628369634783,1.4296262326178597,2.855555153512352,3.160447972161433,3.149771188760726,3.719021481352998,5.088858164750128,3.647489739702908,2.3057204097896444,-0.6498881026908876,1.5706254085162736,0.6605211709226981,3.004025521216435,3.08185494720161,3.603351608499299,3.8837808788596764
-10.483638931724279,3.8113088165453033,2.811536411186317,2.21176335519674,5.735695520447004,3.1783765308932157,2.6530653532449273,1.4750040555044537,2.402645876987085,3.059321646787683,3.330075758507609,2.901636264098603,5.298047856629889,3.2616430001267718,2.255486260539747,-0.8438649550218517,2.3242122686860243,0.39042500376093303,3.533774876638774,3.2804709617635965,3.7390543282142588,4.015894434226466
-10.289653999926543,4.209520904827643,2.9087772400348206,2.0674829288404832,5.715899338306435,3.230566728092964,3.1545023368550527,1.520381878391046,1.9497366004618342,2.9581953214139367,3.5103803282544854,2.0842510468442375,5.507237548509641,2.8757962605506506,2.2052521112898513,-1.0378418073528086,3.0777991288557476,0.12032883659917792,4.063524232061093,3.479086976325576,3.8747570479292137,4.14800798959325
-10.095669068128807,4.260434652082563,2.845102756275544,1.9425068239997636,5.406330616885537,3.230091249345629,3.531599047011478,1.6288033389868197,1.8720831368982351,2.969142341436832,3.7370115759642486,1.560493498653559,5.465827539369666,2.538579895235394,2.197689376204707,-0.98229284919039,3.5024649959769496,0.12487028103756341,4.390016505359942,3.622567275459558,3.8969362940991776,4.379117327851128
-9.90168413633107,3.5656784318373775,2.4359336307407142,1.8589782330012288,4.474603208186245,3.1165394663589576,3.641729875929058,1.8725831981934922,2.6001259776347103,3.2207174265760625,4.063108926359042,1.6671718281584886,4.886365230981413,2.3057758040684746,2.281744677414477,-0.39099729790980275,3.220918142729216,0.719074832735116,4.280103867040717,3.6476679502922438,3.6753739647166435,4.8227764352575475
-9.707699204533334,2.870922211592192,2.0267645052058847,1.7754496420026942,3.5428757994869526,3.0029876833722864,3.7518607048466373,2.116363057400165,3.3281688183711857,3.4722925117152936,4.389206276753834,1.7738501576634185,4.30690292259316,2.072971712901555,2.3657999786242474,0.20029825337078444,2.939371289481483,1.3132793844326682,4.170191228721492,3.672768625124929,3.4538116353341093,5.266435542663966
-9.513714272735598,2.1761659913470064,1.617595379671055,1.6919210510041593,2.6111483907876605,2.889435900385615,3.861991533764217,2.3601429166068373,4.056211659107661,3.7238675968545243,4.715303627148627,1.8805284871683483,3.727440614204908,1.8401676217346354,2.4498552798340176,0.7915938046513715,2.65782443623375,1.9074839361302207,4.060278590402268,3.697869299957615,3.2322493059515756,5.710094650070385
-9.319729340937862,1.4814097711018208,1.2084262541362252,1.6083924600056245,1.6794209820883683,2.7758841173989444,3.9721223626817967,2.6039227758135093,4.7842544998441365,3.975442681993755,5.04140097754342,1.987206816673278,3.147978305816655,1.6073635305677159,2.533910581043788,1.3828893559319586,2.3762775829860168,2.5016884878277734,3.9503659520830436,3.7229699747903005,3.0106869765690414,6.153753757476803
-9.125744409140125,1.0957740825049698,0.9560467861800103,1.7130855859321164,1.0755066369592792,2.808911815866244,3.925248068206168,2.7694802770809255,5.127150976149188,4.128748914085205,5.276530457781507,1.9907249988563007,2.810981986252848,1.4801442837670902,2.668789327476372,1.6986868409146214,2.388998803490826,3.019645214965478,3.833536804054134,3.665853886967026,2.938824501462237,6.327006226789093
-8.93175947734239,1.5035477584722035,1.1060941060089204,2.3008811186328586,1.312979154993737,3.2181601833987488,3.475393957021291,2.734267059637576,4.481505117080216,4.029831756687343,5.278175737950709,1.7294654695797533,3.0963150380051383,1.6239261375066278,2.9341149166475162,1.307372622399256,3.1570080799605176,3.341899192399567,3.6989552811036988,3.3977147749934473,3.2511916523298177,5.806214991659763
-8.737774545544653,1.9113214344394371,1.2561414258378307,2.888676651333601,1.5504516730281948,3.627408550931254,3.0255398458364144,2.699053842194227,3.8358592580112445,3.9309145992894803,5.279821018119911,1.468205940303206,3.3816480897574293,1.7677079912461657,3.199440505818661,0.9160584038838903,3.9250173564302093,3.6641531698336567,3.5643737581532635,3.1295756630198683,3.5635588031973984,5.285423756530432
-8.543789613746917,2.319095110406671,1.4061887456667408,3.4764721840343435,1.7879241910626527,4.036656918463759,2.575685734651538,2.6638406247508777,3.1902133989422734,3.831997441891618,5.281466298289113,1.2069464110266586,3.6669811415097193,1.9114898449857034,3.4647660949898054,0.5247441853685246,4.693026632899901,3.9864071472677463,3.429792235202828,2.86143655104629,3.875925954064979,4.764632521401102
-8.34980468194918,2.7268687863739047,1.556236065495651,4.0642677167350865,2.0253967090971106,4.445905285996264,2.125831623466661,2.6286274073075284,2.5445675398733023,3.7330802844937554,5.283111578458315,0.9456868817501112,3.9523141932620103,2.0552716987252415,3.73009168416095,0.1334299668531589,5.461035909369592,4.308661124701835,3.2952107122523926,2.593297439072711,4.18829310493256,4.2438412862717705
-8.155819750151444,3.0552158948441797,1.8317868486184792,4.560303472189816,2.1449374608515894,4.561452658808989,1.926877936538365,2.612103293247257,2.186737408222187,3.588892557625435,5.183134991959,0.7263141900356301,4.215632619132352,2.2915633313067367,3.7654293862919874,-0.1259811374053051,5.876648091650652,4.486619756482758,3.0970919720538386,2.3783669745988454,4.45459397515914,3.7620741016126202
-7.961834818353708,3.1361186968815766,2.498329190464741,4.770472229301149,1.8970754022722203,3.7620084711483814,2.5095755713326398,2.653802924341968,2.7255639658345627,3.3036695950991244,4.766567205453862,0.6374351076491497,4.4103670182166095,2.8160585056651546,3.0842663634133256,0.025536691213578017,5.194407788189998,4.215042888344117,2.701030362736108,2.329201911951042,4.577380663388731,3.401881843418282
-7.767849886555972,3.217021498918973,3.164871532311002,4.98064098641248,1.649213343692851,2.962564283487774,3.0922732061269143,2.6955025554366796,3.264390523446938,3.018446632572813,4.349999418948723,0.5485560252626692,4.605101417300867,3.3405536800235724,2.4031033405346642,0.17705451983246112,4.512167484729343,3.9434660202054763,2.304968753418378,2.2800368493032384,4.700167351618322,3.041689585223944
-7.5738649547582355,3.2979243009563697,3.8314138741572634,5.190809743523812,1.4013512851134822,2.1631200958271672,3.6749708409211888,2.737202186531391,3.803217081059313,2.7332236700465025,3.9334316324435843,0.4596769428761887,4.799835816385125,3.8650488543819908,1.7219403176560024,0.3285723484513442,3.829927181268689,3.6718891520668357,1.9089071441006475,2.230871786655435,4.822954039847914,2.681497327029606
-7.379880022960499,3.378827102993766,4.497956216003525,5.400978500635144,1.1534892265341132,1.36367590816656,4.257668475715463,2.7789018176261027,4.342043638671688,2.4480007075201913,3.5168638459384463,0.37079786048970825,4.994570215469382,4.389544028740408,1.0407772947773406,0.48009017707022733,3.147686877808035,3.4003122839281947,1.5128455347829173,2.1817067240076313,4.945740728077505,2.321305068835268
-7.185895091162763,3.4482789720807747,4.918804129775706,5.509166503439153,1.122625822923596,0.8467051922058391,4.604635754410119,2.9018888132912632,4.870519988390849,2.1970312206112648,3.175448573365505,0.5128501452961423,5.110963733828804,4.7892528650712025,0.6736392433545761,0.7522428376333825,2.634217500686641,3.1723258252046564,1.295335540966097,2.169521560474314,5.002203338000245,2.064795591393291
-6.991910159365027,3.473488600223094,4.390378116897857,5.2233379555102495,1.9301663135110694,1.4211092532676093,4.040826657265169,3.3389406266150368,5.35900689852258,2.0784047076786205,3.1243952864397446,1.5471372578935467,4.92467657666039,4.706832668113359,1.5197794907389095,1.4904846216176748,2.7728176116943306,3.112756857403137,1.7676840615847385,2.3002132798833568,4.802413827191927,2.2088786759491477
-6.797925227567291,3.4986982283654138,3.861952104020008,4.937509407581347,2.7377068040985426,1.9955133143293795,3.47701756012022,3.7759924399388103,5.84749380865431,1.9597781947459767,3.0733419995139846,2.5814243704909514,4.738389419491977,4.624412471155515,2.3659197381232424,2.228726405601967,2.9114177227020206,3.0531878896016176,2.24003258220338,2.430904999292399,4.60262431638361,2.3529617605050044
-6.603940295769554,3.523907856507733,3.333526091142159,4.651680859652444,3.5452472946860163,2.5699173753911495,2.9132084629752706,4.213044253262584,6.335980718786041,1.8411516818133327,3.022288712588224,3.615711483088356,4.552102262323563,4.541992274197671,3.212059985507576,2.9669681895862596,3.05001783370971,2.993618921800098,2.7123811028220217,2.5615967187014412,4.402834805575291,2.497044845060861
-6.409955363971811,3.5491174846500533,2.805100078264291,4.36585231172353,4.352787785273519,3.144321436452941,2.3493993658303003,4.650096066586373,6.824467628917789,1.7225251688806844,2.971235425662462,4.6499985956857985,4.365815105155143,4.459572077239824,4.05820023289194,3.705209973570579,3.1886179447174046,2.9340499539985765,3.1847296234406803,2.692288438110489,4.203045294766966,2.641127929616723
-6.215970432174075,3.566052182485973,2.3325907007440363,4.032713987831734,5.091223146123646,3.601395274801026,1.8521116677816856,4.96779836484807,7.189728247654908,1.5850587103495186,2.9537415557535702,5.484047223552929,4.229116142570197,4.457694442904717,4.837576220340753,4.451460397752172,3.323177540235924,2.9399945793434896,3.695530985193467,2.8359865881295208,3.9593862978558447,2.7420990237057343
-6.0219855003763385,3.542071947140242,2.1365580202697183,3.4656551050122557,5.487972032161271,3.4783363452868934,1.6837353319316755,4.695383616413837,6.94570331449633,1.3544391874700894,3.102180358872558,5.3280277880313065,4.337603253203551,4.8540550348709965,5.2868400336638794,5.237309098464868,3.4377590313913187,3.269867526356934,4.39646028366512,3.0439943117201813,3.498817064103044,2.629905276041971
-5.828000568578602,3.518091711794512,1.9405253397954,2.8985962221927775,5.884720918198897,3.3552774157727603,1.5153589960816656,4.422968867979604,6.701678381337753,1.12381966459066,3.250619161991546,5.172008352509682,4.446090363836906,5.250415626837276,5.736103846987005,6.0231577991775636,3.552340522546713,3.5997404733703786,5.097389582136774,3.252002035310842,3.038247830350243,2.5177115283782077
-5.634015636780866,3.494111476448781,1.7444926593210819,2.331537339373299,6.281469804236522,3.232218486258627,1.3469826602316557,4.150554119545371,6.457653448179175,0.8932001417112309,3.399057965110534,5.015988916988059,4.5545774744702605,5.646776218803554,6.185367660310131,6.809006499890259,3.6669220137021075,3.9296134203838227,5.798318880608427,3.4600097589015024,2.5776785965974423,2.405517780714444
-5.44003070498313,3.4701312411030507,1.5484599788467637,1.764478456553821,6.678218690274148,3.1091595567444945,1.1786063243816458,3.8781393711111365,6.213628515020598,0.6625806188318016,3.547496768229522,4.859969481466434,4.663064585103616,6.043136810769833,6.634631473633257,7.5948552006029555,3.7815035048575023,4.259486367397267,6.49924817908008,3.668017482492163,2.1171093628446416,2.2933240330506806
-5.246045773185394,3.5496311404488172,1.4389389226962914,1.3503375161777742,7.048966463510089,3.1305632684137747,1.1001677311860034,3.5968787236647226,6.021973801897715,0.6933849314590255,3.6950345596709786,4.755636976910872,4.741838263226796,6.419667863226552,7.021543725744471,8.178545245876572,3.9241579476889026,4.512707344897386,7.062458347964602,3.8699888130287046,1.7499700165414147,2.2507999407780566
-5.052060841387657,4.316534791673921,1.9041022281257405,1.9520086220332464,7.246992558849098,4.111611667944445,1.6191727141944652,3.2568560327802434,6.178206979012001,2.4607904370949925,3.836587059254547,4.994653370915623,4.623229853960934,6.664474117512602,6.994263464090776,7.419324222876113,4.25329699808237,4.256740239201764,6.710820013163047,4.031861246848591,2.0034720654390257,2.6710814164609262
-4.858075909589921,5.083438442899025,2.369265533555189,2.5536797278887184,7.445018654188107,5.092660067475117,2.138177697202927,2.916833341895764,6.334440156126286,4.2281959427309594,3.978139558838115,5.233669764920375,4.504621444695073,6.909280371798651,6.966983202437081,6.660103199875652,4.582436048475838,4.000773133506142,6.359181678361491,4.193733680668476,2.2569741143366366,3.091362892143796
-4.664090977792185,5.850342094124128,2.834428838984638,3.1553508337441905,7.6430447495271165,6.073708467005787,2.6571826802113883,2.576810651011285,6.490673333240571,5.995601448366927,4.119692058421683,5.472686158925126,4.386013035429211,7.154086626084702,6.939702940783386,5.900882176875193,4.911575098869306,3.744806027810519,6.007543343559934,4.355606114488363,2.5104761632342476,3.5116443678266656
-4.470106045994449,6.617245745349233,3.2995921444140865,3.757021939599663,7.841070844866126,7.054756866536458,3.1761876632198502,2.2367879601268057,6.646906510354857,7.763006954002894,4.261244558005252,5.711702552929878,4.26740462616335,7.398892880370751,6.912422679129691,5.1416611538747325,5.240714149262773,3.4888389221148968,5.655905008758379,4.517478548308249,2.7639782121318586,3.9319258435095357
-4.276121114196712,7.328638195328012,3.785202817704543,4.365775857652931,8.021169835870916,7.8507781302995365,3.6801663949007417,2.0504444313403067,6.732123767732474,9.36828816755362,4.428124807318859,5.968131438699411,4.240555123628173,7.596936112653349,6.877583336520505,4.5492568069132355,5.573771350237784,3.3426592018254753,5.353366879231411,4.657736104140698,3.0083892256961446,4.434871499303973
-4.082136182398976,7.501571993217395,4.469152959246793,5.043233054024823,8.027375914833762,6.852036177116791,4.038390488704188,3.3547887749043634,6.128486603664343,9.400963747877357,4.840684229013865,6.393461494587342,5.103767016380736,7.341378031502411,6.769420908643055,5.5749742175298485,5.94483461185377,4.261417119976306,5.527100740867994,4.58832934349499,3.1646171965271708,5.739659702180692
-3.88815125060124,7.674505791106778,5.153103100789044,5.720690250396715,8.03358199379661,5.853294223934045,4.396614582507635,4.65913311846842,5.524849439596213,9.433639328201096,5.253243650708871,6.818791550475273,5.966978909133299,7.085819950351473,6.661258480765605,6.6006916281464605,6.315897873469754,5.180175038127138,5.700834602504578,4.518922582849281,3.3208451673581973,7.04444790505741
-3.6941663188035037,7.847439588996161,5.837053242331295,6.398147446768608,8.039788072759455,4.854552270751299,4.75483867631108,5.963477462032476,4.921212275528083,9.466314908524833,5.665803072403878,7.244121606363204,6.830190801885863,6.830261869200535,6.553096052888154,7.626409038763073,6.686961135085738,6.098932956277968,5.874568464141162,4.449515822203573,3.4770731381892235,8.349236107934129
-3.5001813870057674,8.020373386885543,6.521003383873545,7.075604643140499,8.0459941517223,3.8558103175685536,5.113062770114526,7.267821805596533,4.317575111459952,9.49899048884857,6.078362494098884,7.669451662251135,7.693402694638426,6.574703788049597,6.444933625010704,8.652126449379686,7.0580243967017235,7.0176908744288005,6.048302325777746,4.380109061557864,3.6333011090202496,9.654024310810849
-3.306196455208031,8.20538777190368,7.192150169046983,7.745018230077267,8.080146628540813,2.9908124077960987,5.518866323141928,8.520689201708835,3.7937009635351733,9.534537941715046,6.479090922396339,8.09256317796865,8.510802035429037,6.368395355946479,6.371676903266393,9.622133272698283,7.424703737800319,7.88276445710814,6.2727236146165675,4.343108969849407,3.8461985159008334,10.876859955088776
-3.112211523410295,8.593758706922642,7.647773788678609,8.279031058189359,8.584730135930032,4.37717256209841,6.725590773106465,8.907027982382681,4.612504254024385,9.618428582384322,6.680664295168217,8.478329267484124,8.557023418192959,6.9911226828155595,6.885999568096985,9.654345209832977,7.717587083522807,7.844151726016752,7.3503832613603155,4.8516211385850605,5.013031429616289,10.720160862952753
-2.9182265916125587,8.982129641941603,8.103397408310233,8.81304388630145,9.08931364331925,5.763532716400723,7.932315223071001,9.293366763056529,5.431307544513597,9.702319223053598,6.882237667940094,8.864095356999599,8.60324480095688,7.61385000968464,7.400322232927578,9.686557146967672,8.010470429245297,7.805538994925364,8.428042908104063,5.360133307320714,6.1798643433317455,10.56346177081673
-2.7242416598148225,9.370500576960564,8.559021027941858,9.347056714413542,9.593897150708468,7.1498928707030345,9.139039673035537,9.679705543730375,6.250110835002809,9.786209863722874,7.083811040711971,9.249861446515073,8.6494661837208,8.23657733655372,7.91464489775817,9.718769084102368,8.303353774967785,7.766926263833976,9.50570255484781,5.8686454760563675,7.3466972570472,10.406762678680709
-2.5302567280170862,9.758871511979526,9.014644647573483,9.881069542525633,10.098480658097685,8.536253025005347,10.345764123000073,10.06604432440422,7.068914125492022,9.870100504392148,7.285384413483849,9.635627536030547,8.695687566484722,8.859304663422801,8.428967562588763,9.750981021237063,8.596237120690274,7.728313532742588,10.583362201591559,6.377157644792021,8.513530170762657,10.250063586544686
-2.336271796219343,10.142797277234704,9.480921924003653,10.413425089919283,10.593879492694239,9.928824157573308,11.541349886963236,10.468357181726015,7.881802311191315,9.954840980345773,7.489372811644774,10.034294284119905,8.760461538311288,9.496575566081267,8.948302141589451,9.788538237449634,8.886132843640386,7.702913532894047,11.64031965790078,6.907508735975231,9.665741421517282,10.093151094298635
-2.1422868644216067,10.293351629890628,10.50651618235629,10.858773399593659,10.607083005675138,11.647471649084995,12.152154635852257,11.709309063063925,8.3841474954184,10.084197808727483,7.820150042730272,11.110245607337173,9.799246435926223,10.897384197680982,9.730762214519098,10.10672260525054,9.019178371040189,8.371181923294776,11.610412116395741,8.584403255653736,10.050315366826384,9.925035096276448
-1.9483019326238704,10.44390598254655,11.532110440708928,11.304121709268035,10.620286518656036,13.366119140596682,12.762959384741277,12.950260944401835,8.886492679645485,10.213554637109192,8.15092727381577,12.186196930554443,10.838031333541156,12.298192829280698,10.513222287448745,10.424906973051447,9.15222389843999,9.039450313695504,11.580504574890703,10.261297775332242,10.434889312135484,9.75691909825426
-1.7543170008261342,10.594460335202474,12.557704699061565,11.749470018942409,10.633490031636935,15.08476663210837,13.373764133630297,14.191212825739747,9.388837863872572,10.342911465490902,8.481704504901266,13.262148253771711,11.876816231156091,13.699001460880414,11.29568236037839,10.743091340852354,9.285269425839793,9.707718704096232,11.550597033385664,11.938192295010747,10.819463257444585,9.588803100232072
-1.560332069028398,10.745014687858395,13.583298957414204,12.194818328616785,10.646693544617833,16.803414123620055,13.98456888251932,15.432164707077657,9.891183048099657,10.472268293872611,8.812481735986765,14.33809957698898,12.915601128771026,15.099810092480128,12.078142433308036,11.06127570865326,9.418314953239594,10.37598709449696,11.520689491880626,13.615086814689255,11.204037202753685,9.420687102209882
-1.3663471372306617,10.895569040514317,14.608893215766841,12.640166638291161,10.659897057598732,18.52206161513174,14.59537363140834,16.673116588415567,10.393528232326744,10.60162512225432,9.143258967072262,15.414050900206249,13.954386026385961,16.500618724079843,12.860602506237683,11.379460076454167,9.551360480639396,11.044255484897688,11.490781950375588,15.29198133436776,11.588611148062785,9.252571104187695
-1.1723622054329255,12.463146630819708,15.421631082311837,13.141818021799054,11.530390863294707,18.22181971661457,15.146495397988842,16.251081974475426,12.020849748091228,12.323430296662528,10.528559375118869,15.537945190033353,15.129278703169364,16.797157584846786,13.234195833082314,12.639767039905866,10.210462855054173,11.76657835229649,12.90892544040429,15.469422550944536,13.426702350765037,10.979435264290116
-0.9783772736351892,14.057715139937503,16.230314541393824,13.644541844808538,12.417214007899563,17.883122782096798,15.696480345858703,15.79737142729185,13.669599384456452,14.075567820518897,11.933945938917143,15.643705060176812,16.306763909079788,17.072662735693083,13.600001221906268,13.918019195655697,10.879585359888294,12.48993082878097,14.354650854843195,15.6183027522241,15.29247959646529,12.742394284547336
-0.784392341837453,15.652283649055299,17.03899800047581,14.147265667818022,13.304037152504419,17.544425847579028,16.246465293728566,15.343660880108276,15.318349020821678,15.827705344375266,13.339332502715415,15.74946493032027,17.484249114990213,17.348167886539375,13.965806610730223,15.196271351405528,11.548707864722417,13.21328330526545,15.8003762692821,15.767182953503664,17.158256842165542,14.505353304804558
-0.5904074100397168,17.24685215817309,17.8476814595578,14.649989490827506,14.190860297109275,17.205728913061257,16.79645024159843,14.889950332924702,16.967098657186902,17.579842868231637,14.744719066513689,15.855224800463729,18.661734320900635,17.62367303738567,14.331611999554177,16.47452350715536,12.217830369556538,13.936635781749931,17.246101683721005,15.91606315478323,19.024034087865793,16.26831232506178
-0.3964224782419805,18.84142066729089,18.656364918639788,15.15271331383699,15.077683441714129,16.867031978543487,17.34643518946829,14.436239785741128,18.615848293552126,19.331980392088006,16.150105630311963,15.96098467060719,19.83921952681106,17.899178188231964,14.697417388378131,17.75277566290519,12.886952874390659,14.659988258234414,18.69182709815991,16.06494335606279,20.889811333566044,18.031271345319
-0.20243754644424428,19.07465296375508,18.395604252151752,15.269584257660194,15.439388041593586,17.149348129810335,17.260829861840868,14.901719944375335,18.4953318261481,19.47170027908014,16.390892644538948,16.24152142130156,19.74342048588401,17.771885986894315,14.990350946203451,17.869924421434277,13.935782650184972,14.956395377475827,18.734155071024993,16.331344420480814,20.97170150346349,18.02396513137393
-0.008452614646508039,19.227013802041814,18.07131225147142,15.363533248264403,15.769897480400237,17.46855614755945,17.13746669606508,15.42180549147398,18.269710441688442,19.515632979723872,16.56249552710821,16.53244095697916,19.571980796629955,17.620665229981377,15.278955484365484,17.91809674052449,15.007169293561084,15.227439406187942,18.693112898846064,16.604726922313,20.947618183709253,17.911494646090084
0.1855323171512282,19.379374640328543,17.747020250791085,15.457482238868613,16.10040691920689,17.787764165308566,17.014103530289294,15.941891038572628,18.044089057228785,19.559565680367605,16.73409840967748,16.823360492656754,19.4005411073759,17.46944447306844,15.567560022527518,17.9662690596147,16.078555936937196,15.498483434900058,18.652070726667134,16.878109424145187,20.923534863955012,17.799024160806237
0.37951724894896444,19.531735478615275,17.42272825011075,15.551431229472822,16.43091635801354,18.10697218305768,16.890740364513505,16.461976585671273,17.818467672769128,19.603498381011338,16.905701292246743,17.114280028334353,19.22910141812185,17.318223716155497,15.856164560689551,18.014441378704912,17.149942580313308,15.769527463612175,18.6110285544882,17.151491925977375,20.899451544200776,17.68655367552239
0.5735021807467007,19.684096316902004,17.098436249430417,15.645380220077033,16.76142579682019,18.426180200806797,16.767377198737716,16.98206213276992,17.59284628830947,19.647431081655075,17.07730417481601,17.405199564011948,19.057661728867796,17.16700295924256,16.144769098851587,18.062613697795125,18.221329223689423,16.04057149232429,18.56998638230927,17.424874427809563,20.875368224446536,17.574083190238543
0.7674871125444369,19.152111906288734,16.811928053733816,16.197152695098474,15.786870268147611,17.93457658304134,16.4975944087324,16.898494964627922,16.561275604262214,19.30293194659345,16.882571724659883,17.547296368345922,18.487151452030904,16.48924138771582,16.20397730882181,17.834908908284884,18.307405393950795,15.4622882673161,18.00516726046193,16.947735616581344,20.55979463651583,16.871744302739028
0.9614720443421731,18.54957643908783,16.5293150956644,16.79612346748252,14.677771959322524,17.359384136872315,16.212716812105484,16.752695557801314,15.446617363556438,18.91838829238694,16.650072745356802,17.67405062305684,17.875499877505057,15.757197257981463,16.239536412792877,17.57876317974367,18.291903164921976,14.79644553161509,17.386350514937433,16.39322347410978,20.214170505474144,16.108594239753355
1.1554569761399094,17.947040971886928,16.24670213759499,17.395094239866566,13.568673650497434,16.784191690703285,15.927839215478567,16.60689615097471,14.331959122850659,18.533844638180433,16.417573766053724,17.800804877767757,17.26384830297921,15.02515312824711,16.275095516763944,17.322617451202454,18.276400935893157,14.13060279591408,16.767533769412932,15.838711331638216,19.86854637443246,15.345444176767682
1.3494419079376456,17.344505504686023,15.964089179525578,17.99406501225061,12.459575341672345,16.208999244534258,15.64296161885165,16.461096744148104,13.217300882144881,18.149300983973923,16.185074786750643,17.927559132478674,16.65219672845336,14.293108998512757,16.31065462073501,17.06647172266124,18.26089870686434,13.46476006021307,16.148717023888434,15.28419918916665,19.52292224339077,14.582294113782009
1.5434268397353819,16.741970037485117,15.681476221456165,18.593035784634655,11.350477032847257,15.633806798365228,15.358084022224734,16.315297337321496,12.102642641439104,17.764757329767413,15.952575807447566,18.05431338718959,16.040545153927514,13.561064868778402,16.34621372470608,16.810325994120024,18.24539647783552,12.79891732451206,15.529900278363932,14.729687046695084,19.177298112349085,13.819144050796337
1.7374117715331252,16.41252902000866,15.408504332151395,18.291104290171322,11.505297811221546,14.947945196686073,15.763737712145295,16.002544093441653,12.101531874492128,16.941274281998954,14.829295947511914,17.578890083893334,15.244097240780633,13.724201485486995,15.886357218967076,16.39850426251017,17.58495872936355,12.373825195326654,15.400238560834048,14.656279225959848,18.714187905164724,13.19624865784937
1.9313967033308614,16.124198994963862,15.136983786531633,17.853553099623415,11.850385979066754,14.245423722134449,16.273342348427853,15.664658013876382,12.268051910046522,16.051714336274948,13.571920041029436,17.012816395520723,14.419830523970395,14.022096494133265,15.351922019293223,15.963247433664183,16.827433913448523,11.984975092928572,15.344213084077571,14.655295711722577,18.233391622001914,12.594466871144819
2.1253816351285977,15.835868969919067,14.865463240911874,17.416001909075508,12.19547414691196,13.542902247582823,16.782946984710414,15.326771934311111,12.434571945600917,15.16215439055094,12.314544134546958,16.446742707148115,13.595563807160158,14.319991502779535,14.817486819619372,15.527990604818198,16.069909097533497,11.596124990530491,15.288187607321094,14.654312197485305,17.7525953388391,11.99268508444027
2.319366566926334,15.54753894487427,14.593942695292114,16.9784507185276,12.54056231475717,12.8403807730312,17.29255162099297,14.98888585474584,12.601091981155312,14.272594444826934,11.05716822806448,15.880669018775503,12.77129709034992,14.617886511425805,14.283051619945518,15.092733775972214,15.312384281618472,11.20727488813241,15.232162130564618,14.653328683248034,17.27179905567629,11.390903297735719
2.51335149872407,15.259208919829474,14.322422149672354,16.540899527979693,12.885650482602376,12.137859298479576,17.80215625727553,14.65099977518057,12.767612016709705,13.383034499102926,9.799792321582,15.314595330402891,11.947030373539683,14.915781520072075,13.748616420271667,14.657476947126227,14.554859465703448,10.818424785734328,15.17613665380814,14.652345169010761,16.791002772513476,10.78912151103117
2.7073364305218064,14.072102019428543,14.068507049433153,15.559593430697808,12.860783523885127,11.887903480671334,16.637314559356177,14.126946121951867,12.527569894666795,13.357639401211149,9.849367796379473,14.325127222984754,11.64255017650371,13.948853278646661,12.918691107868485,14.118645438015571,14.34023700707034,10.109783761797676,14.883034401789224,14.102815842141908,15.978291539845085,10.698323915088777
2.9013213623195426,12.703220020640988,13.81815260106867,14.468314430930404,12.761094180020418,11.72947779568759,15.133820793845441,13.56524059989236,12.205301718278365,13.507019216364082,10.163270516829057,13.25002878362483,11.443195343017582,12.726118087768558,12.029003750194208,13.5588662407615,14.235415025190875,9.336465922268959,14.541984037919478,13.442344665527346,15.098451440984554,10.710871436379175
3.095306294117279,11.334338021853432,13.567798152704187,13.377035431163,12.66140483615571,11.571052110703848,13.630327028334708,13.003535077832854,11.883033541889937,13.656399031517015,10.47717323727864,12.174930344264904,11.243840509531452,11.503382896890457,11.13931639251993,12.999087043507428,14.130593043311409,8.56314808274024,14.200933674049734,12.781873488912783,14.218611342124028,10.723418957669573
3.289291225915015,9.965456023065876,13.317443704339706,12.285756431395596,12.561715492291,11.412626425720104,12.126833262823974,12.441829555773346,11.560765365501508,13.805778846669948,10.791075957728225,11.099831904904978,11.044485676045324,10.280647706012356,10.249629034845654,12.439307846253357,14.025771061431943,7.789830243211521,13.85988331017999,12.121402312298219,13.338771243263498,10.73596647895997
3.4832761577127513,8.59657402427832,13.067089255975223,11.194477431628192,12.462026148426292,11.254200740736362,10.62333949731324,11.88012403371384,11.23849718911308,13.95515866182288,11.104978678177808,10.024733465545053,10.845130842559197,9.057912515134253,9.359941677171376,11.879528648999285,13.920949079552477,7.016512403682803,13.518832946310246,11.460931135683659,12.458931144402971,10.748514000250369
3.6772610895104876,8.17612526898924,12.31782361881633,10.904620050278137,11.349292909059571,10.707613039105205,9.654076854903995,11.570055344109196,10.346296932347874,13.00769351630134,10.326085192374286,9.195698711558057,10.298327578684408,9.036112691564323,9.65330920458281,10.838416077431614,13.553102889618325,6.707074875734294,12.969833075004972,10.672031155764964,11.363015529618439,10.130144184728296
3.871246021308224,8.00115335319392,11.439428026910633,10.822189440753776,9.974360073209942,10.060559874341761,8.823085797297507,11.325116187610526,9.30658484301454,11.776339086840483,9.26435033554051,8.43035102907936,9.661596485767838,9.325143198356551,10.25287917284,9.672723103100406,13.117179845834716,6.517700487253621,12.36701097824579,9.84989077969696,10.21117448718298,9.348478117325326
4.06523095310596,7.826181437398599,10.561032435004936,10.739758831229414,8.599427237360313,9.41350670957832,7.992094739691019,11.080177031111855,8.26687275368121,10.544984657379626,8.202615478706733,7.6650033466006615,9.024865392851266,9.61417370514878,10.85244914109719,8.507030128769198,12.681256802051106,6.328326098772948,11.764188881486609,9.027750403628957,9.059333444747523,8.566812049922357
4.259215884903696,7.651209521603278,9.682636843099239,10.657328221705054,7.224494401510683,8.766453544814876,7.161103682084532,10.835237874613185,7.227160664347878,9.31363022791877,7.140880621872958,6.899655664121963,8.388134299934695,9.903204211941008,11.45201910935438,7.34133715443799,12.245333758267497,6.138951710292274,11.161366784727427,8.205610027560954,7.907492402312064,7.785145982519387
4.4532008167014325,7.476237605807957,8.804241251193542,10.574897612180694,5.8495615656610545,8.119400380051434,6.330112624478044,10.590298718114514,6.187448575014545,8.082275798457914,6.079145765039182,6.134307981643264,7.751403207018125,10.192234718733236,12.05158907761157,6.175644180106782,11.809410714483887,5.949577321811601,10.558544687968247,7.383469651492952,6.755651359876605,7.003479915116417
4.647185748499169,7.653585203945742,8.295971824419528,10.110946885287662,5.3455550825441085,7.5009225286225565,5.919160872974295,10.248821821195083,5.67079416321028,7.68752584475091,5.5400911257749215,5.892290134819188,7.425122988246151,10.407427249901366,11.592110518843008,5.926809724053999,11.198217837841494,5.9012660440575875,9.72218053637278,7.389976816407377,6.142819126815663,7.354850402789553
4.841170680296905,7.944023016432435,7.906508327193969,9.524532910844185,5.121105206477184,6.891616999992429,5.643036553059091,9.876357501424541,5.322034808390667,7.5613155993106,5.168810383508299,5.8182547043780914,7.19849366734776,10.598918702474103,10.79269045757232,5.972275533127651,10.530765508676522,5.898234283326951,8.810852268410105,7.6624696117606295,5.703002067134211,8.069911636536531
5.035155612094641,8.234460828919127,7.51704482996841,8.938118936400706,4.896655330410258,6.282311471362301,5.366912233143887,9.503893181653998,4.973275453571055,7.43510535387029,4.797529641241676,5.744219273936994,6.971864346449369,10.790410155046843,9.993270396301634,6.017741342201302,9.863313179511549,5.895202522596313,7.89952400044743,7.934962407113883,5.2631850074527575,8.78497287028351
5.2291405438923775,8.52489864140582,7.12758133274285,8.351704961957228,4.672205454343334,5.673005942732173,5.090787913228684,9.131428861883457,4.6245160987514415,7.3088951084299785,4.426248898975053,5.670183843495897,6.745235025550978,10.98190160761958,9.193850335030948,6.063207151274954,9.195860850346577,5.8921707618656765,6.988195732484755,8.207455202467136,4.823367947771304,9.50003410403049
5.423125475690114,8.815336453892513,6.738117835517292,7.765290987513749,4.447755578276409,5.063700414102046,4.81466359331348,8.758964542112915,4.275756743931829,7.182684862989668,4.05496815670843,5.5961484130548005,6.518605704652587,11.173393060192318,8.39443027376026,6.108672960348605,8.528408521181605,5.889139001135039,6.0768674645220795,8.479947997820387,4.383550888089852,10.21509533777747
5.61711040748785,8.170953512191817,6.547617435455327,7.447837761470259,4.44678347451346,4.9224149840218665,5.154441220419723,8.350069250379308,4.401319980621325,7.002259935651516,3.6967766625540746,5.064176372119389,6.3469338417053285,11.022783143179769,7.845585346221943,6.3138681139264685,7.431304369654029,5.556507825851461,5.615150383540574,7.910937786102333,4.420410837445931,9.748254776001017
5.811095339285586,7.162354692236213,6.434635125197378,7.235174437400813,4.532880632687144,4.963475046883264,5.73418064506684,7.926980073465285,4.711684226989734,6.8007124049765375,3.3436848754564474,4.353787469952389,6.196673975362412,10.738886978276817,7.3943670941637905,6.581295479648843,6.166803404218907,5.095461294248528,5.328606492292031,7.014069259940841,4.642989102011479,8.82093299518936
6.0050802710833295,6.153755872280572,6.321652814939425,7.022511113331359,4.618977790860831,5.004535109744665,6.313920069713979,7.503890896551246,5.022048473358153,6.599164874301552,2.990593088358808,3.6433985677853626,6.046414109019489,10.454990813373858,6.9431488421056216,6.848722845371228,4.902302438783739,4.634414762645577,5.042062601043476,6.117200733779317,4.865567366577035,7.893611214377668
6.199065202881066,5.145157052324969,6.208670504681476,6.809847789261913,4.705074949034516,5.045595172606063,6.8936594943610965,7.080801719637222,5.3324127197265625,6.397617343626574,2.6375013012611808,2.9330096656183624,5.896154242676572,10.171094648470905,6.491930590047469,7.116150211093602,3.6378014733486177,4.173368231042644,4.7555187097949325,5.220332207617824,5.0881456311425834,6.966289433566011
6.393050134678802,4.1365582323693655,6.095688194423527,6.597184465192467,4.791172107208199,5.086655235467461,7.473398919008215,6.657712542723198,5.642776966094971,6.196069812951595,2.284409514163554,2.2226207634513617,5.745894376333656,9.887198483567955,6.040712337989316,7.383577576815977,2.3733005079134966,3.7123216994397104,4.468974818546389,4.323463681456332,5.310723895708131,6.038967652754354
6.587035066476538,3.6601477646871965,6.139187827844567,6.303473256735723,5.118684733289961,4.807452476090977,7.538730440865197,6.503767940684024,6.132275363731032,5.903865726626651,2.368415559598822,2.443506947253769,5.827522484844822,9.399021715755143,5.939604785756414,7.085878096175329,2.037531012285622,3.4882422701104945,3.9430055525395775,4.549736229077346,4.907876469872213,5.641056179336807
6.7810199982742745,3.43160584463923,6.255569462431163,5.972013718564346,5.558637440315209,4.379086210466712,7.364474720326776,6.475178346120806,6.705206105793122,5.5694380390400795,2.6560014174466695,3.0981376916446637,6.017153211781177,8.81570055754596,6.001562490976369,6.524968851475195,2.134321379307695,3.3745310801964337,3.305523098289191,5.299115578186097,4.213734886863012,5.489719369637062
6.975004930072011,3.2030639245912633,6.371951097017759,5.64055418039297,5.998590147340457,3.9507199448424473,7.190218999788356,6.446588751557588,7.278136847855212,5.235010351453508,2.943587275294517,3.7527684360355584,6.206783938717533,8.232379399336775,6.063520196196324,5.964059606775059,2.231111746329768,3.260819890282373,2.668040644038804,6.048494927294849,3.519593303853811,5.338382559937318
7.168989861869747,2.9745220045432967,6.4883327316043555,5.309094642221593,6.438542854365705,3.522353679218183,7.015963279249936,6.4179991569943695,7.851067589917303,4.9005826638669365,3.2311731331423643,4.407399180426454,6.396414665653888,7.649058241127591,6.125477901416278,5.403150362074925,2.327902113351841,3.147108700368312,2.0305581897884175,6.797874276403601,2.82545172084461,5.187045750237573
7.362974793667483,2.74598008449533,6.604714366190953,4.977635104050218,6.878495561390954,3.093987413593918,6.841707558711516,6.389409562431151,8.423998331979393,4.566154976280365,3.5187589909902117,5.062029924817349,6.586045392590243,7.065737082918406,6.187435606636233,4.84224111737479,2.4246924803739147,3.033397510454251,1.3930757355380305,7.547253625512353,2.131310137835409,5.035708940537829
7.556959725465219,2.5979819572038236,6.238336354328215,5.12888253288057,7.146407752842099,2.8012853604300774,6.368849193895014,6.5048789066817205,8.324375632963726,5.038277344712527,3.6056549239468265,5.442971420641955,6.20503802865688,6.692572675963278,5.614200144176796,4.1611234622010445,2.8166724525267686,3.1583678328703435,1.1261060268847969,7.428306896301718,2.4972595425395285,4.7307125610854035
7.750944657262956,2.494341280995583,5.606090711087597,5.545968581219109,7.319572993687221,2.5832969315198,5.731542995997838,6.69968505781524,7.854361183789312,5.954586700517304,3.5820259707314626,5.673185504212672,5.509766208882235,6.435146769698785,4.6911481545895946,3.413804073722995,3.3712206130125084,3.414785944685644,1.0631868158067976,6.831151602219562,3.4470271723611017,4.341092070754693
7.944929589060692,2.3907006047873423,4.9738450678469786,5.963054629557647,7.492738234532343,2.365308502609523,5.0942367981006615,6.894491208948761,7.384346734614898,6.87089605632208,3.558397017516099,5.903399587783388,4.81449438910759,6.177720863434293,3.7680961650023934,2.6664846852449458,3.9257687734982483,3.6712040565009447,1.0002676047287982,6.233996308137406,4.396794802182674,3.951471580423984
8.138914520858428,2.287059928579102,4.341599424606359,6.380140677896186,7.665903475377465,2.1473200736992464,4.456930600203485,7.089297360082281,6.914332285440483,7.787205412126857,3.5347680643007355,6.133613671354103,4.119222569332946,5.9202949571698,2.8450441754151923,1.919165296766896,4.480316933983989,3.9276221683162458,0.9373483936507989,5.63684101405525,5.346562432004248,3.561851090093275
8.332899452656164,2.183419252370861,3.7093537813657416,6.797226726234725,7.839068716222586,1.929331644788969,3.819624402306309,7.2841035112158,6.444317836266068,8.703514767931633,3.511139111085372,6.363827754924819,3.4239507495583017,5.662869050905307,1.9219921858279916,1.1718459082888462,5.034865094469729,4.184040280131546,0.8744291825727994,5.039685719973093,6.29633006182582,3.1722305997625657
8.5268843844539,2.4689223443422224,3.460746774868089,6.669648087312217,7.842318547236458,2.4585562057530295,3.5803403199714277,7.142748604457771,6.127743281327289,8.804280610164161,3.163167848436654,6.23638209960457,3.326161263382717,5.4598466239745225,1.33535814047524,1.447649781911827,4.8248040169643485,4.099489433203653,1.0382986670301158,4.264487363190749,6.31812087281959,3.036209692981557
8.720869316251637,3.005872178829657,3.460029349035146,6.1901322658517675,7.735776882667048,3.4705953140205517,3.598239758461437,6.7841819372159495,5.910314504202314,8.37807987439611,2.6056215550771333,5.877833228385522,3.614437285071175,5.291977214459368,0.9661018437047684,2.384548686430919,4.1206877395262,3.7946201821647523,1.3487085393718032,3.3742457966636588,5.74029589318611,3.064053132494217
8.914854248049373,3.5428220133170916,3.459311923202203,5.710616444391319,7.629235218097639,4.482634422288074,3.6161391969514467,6.425615269974129,5.692885727077339,7.951879138628058,2.048075261717613,5.519284357166473,3.902713306759633,5.124107804944213,0.5968455469342969,3.3214475909500103,3.4165714620880503,3.489750931125852,1.6591184117134907,2.484004230136568,5.162470913552629,3.0918965720068763
9.10883917984711,4.079771847804526,3.45859449736926,5.231100622930871,7.52269355352823,5.4946735305555965,3.634038635441456,6.067048602732308,5.475456949952364,7.525678402860007,1.4905289683580927,5.160735485947425,4.190989328448091,4.956238395429058,0.22758925016382525,4.258346495469102,2.7124551846499014,3.184881680086951,1.969528284055178,1.593762663609478,4.584645933919148,3.119740011519536
9.302824111644846,4.616721682291962,3.457877071536317,4.751584801470422,7.4161518889588205,6.506712638823119,3.6519380739314657,5.708481935490488,5.258028172827389,7.099477667091955,0.9329826749985721,4.802186614728377,4.47926535013655,4.788368985913904,-0.14166704660664609,5.195245399988194,2.008338907211752,2.88001242904805,2.2799381563968657,0.7035210970823877,4.006820954285667,3.147583451032196
9.496809043442582,4.86806415228764,3.682568870360416,4.234907054945365,6.924146528367885,7.023083617824348,4.0168782457128644,5.48176364951762,5.11482451709613,6.925716729243743,0.8191729801705206,4.519027534796271,4.338324035917017,4.862944432224984,0.3112003147491324,5.827408051888879,1.9753745026844918,2.5964943261226208,2.8177542235280564,0.7320446910574943,4.015424372756187,3.393741542200425
9.690793975240318,4.904030576928869,4.077241395975079,3.690205561650276,6.141463626514799,7.165672073116547,4.6435212655500795,5.3544720117147895,5.027593903727348,6.942320229171158,1.0399843268580202,4.292719772883829,3.873710632324229,5.120347146864056,1.3840297789542473,6.229769595257639,2.4485246252703874,2.3290770889876784,3.5270569293529803,1.453407586394951,4.466252484878927,3.8045303542892563
9.884778907038061,4.939997001570099,4.471913921589758,3.145504068355166,5.358780724661684,7.308260528408753,5.270164285387318,5.227180373911954,4.940363290358562,6.958923729098573,1.2607956735455281,4.066412010971378,3.409097228731423,5.377749861503136,2.4568592431594016,6.632131138626414,2.9216747478563,2.061659851852726,4.23635963517793,2.174770481732434,4.917080597001684,4.215319166378103
10.07876383883579,4.975963426211326,4.866586447204407,2.6008025750600963,4.5760978228086255,7.450848983700948,5.89680730522451,5.099888736109127,4.853132676989783,6.975527229025987,1.4816070202330196,3.840104249058945,2.944483825138652,5.6351525761421986,3.529688707364477,7.034492681995159,3.3948248704421786,1.7942426147177932,4.945662341002828,2.896133377069864,5.367908709124407,4.626107978466919
10.272748770633534,5.011929850852556,5.2612589728190855,2.0561010817649867,3.793414920955511,7.593437438993153,6.523450325061747,4.9725970983062915,4.765902063620997,6.992130728953402,1.7024183669205275,3.6137964871464945,2.4798704215458467,5.892555290781279,4.602518171569631,7.436854225363934,3.867974993028091,1.5268253775828406,5.654965046827779,3.617496272407347,5.818736821247164,5.036896790555765
10.466733702431263,5.087759643406058,4.951378696703549,2.176021425976133,3.436522321046392,7.495869990403679,6.284169010417179,4.781106613562599,4.543738975595689,6.965687001569819,1.9089965046226123,3.9004286498881595,2.6257371849385356,6.344030773042502,5.258304403089182,7.1672219495826734,4.440101710232795,1.664048537252545,5.532109780302772,4.42422754822057,5.796667944301276,5.587270448291871
10.660718634229006,5.198557302549287,4.023469647140361,2.87894338203494,3.4531299860004125,7.187639468233752,5.285304946227068,4.5333013508005795,4.203214067696197,6.901482548474826,2.10308937128488,4.637008114958073,3.307112866739618,6.965745525147787,5.548263237516157,6.308121411389013,5.099050001664594,2.156219413417612,4.679291380137372,5.305843368310877,5.359777147119695,6.260086953087063
10.854703566026735,5.309354961692509,3.0955605975772404,3.581865338093695,3.469737650954431,6.879408946063848,4.286440882037031,4.285496088038578,3.8626891597967306,6.837278095379839,2.2971822379471334,5.373587580027933,3.9884885485406505,7.587460277253026,5.838222071943111,5.449020873195417,5.757998293096344,2.6483902895826423,3.826472979972035,6.187459188401119,4.922886349938148,6.9329034578822055
11.048688497824479,5.420152620835737,2.167651548014052,4.284787294152501,3.486345315908451,6.571178423893922,3.287576817846919,4.037690825276559,3.522164251897239,6.773073642284846,2.491275104609401,6.110167045097846,4.669864230341733,8.20917502935831,6.128180906370086,4.589920335001757,6.416946584528144,3.140561165747709,2.9736545798066354,7.069075008491426,4.485995552756568,7.605719962677398
11.242673429622208,5.530950279978958,1.2397424984509318,4.987709250211257,3.5029529808624695,6.262947901724019,2.288712753656881,3.789885562514557,3.181639343997772,6.708869189189858,2.6853679712716545,6.846746510167707,5.351239912142765,8.830889781463549,6.41813974079704,3.73081979680816,7.075894875959895,3.63273204191274,2.1208361796412984,7.950690828581668,4.04910475557502,8.27853646747254
11.436658361419951,5.32931637365875,1.1019284092650192,5.07387078847867,3.540449876732191,5.821181063307024,1.8325403524020296,3.9640659923235035,2.817693689758566,6.358141287801885,2.9822880253057527,7.0323812895228,5.241067319942533,8.65301546139265,6.537450112748006,3.27551810551221,7.378742635581837,3.698238320607199,1.7099507914403442,7.792786718520685,3.9693388885823655,7.99107404055974
11.63064329321768,4.809355966677711,1.7691167325389379,4.531634919939789,3.5992301399499813,5.243358355506263,1.9292990794208422,4.568194108902832,2.4298853883053395,5.715483835322992,3.3839754023224424,6.656676200413757,4.324411580646673,7.660465482878148,6.482892239912098,3.2316341072818626,7.318770985435243,3.3290297264070965,1.7493367739201513,6.575749094720723,4.2534361580086015,6.725214211529438
11.824628225015424,4.2893955596966356,2.4363050558129054,3.9893990514008664,3.658010403167776,4.66553564770546,2.026057806439662,5.172322225482203,2.042077086852084,5.072826382844051,3.7856627793391615,6.2809711113046856,3.4077558413507463,6.667915504363574,6.428334367076184,3.1877501090515117,7.2587993352886455,2.959821132206967,1.788722756399961,5.358711470920673,4.537533427434859,5.4593543824990425
12.018613156813153,3.769435152715598,3.103493379086824,3.4471631828619844,3.7167906663855668,4.0877129399047,2.1228165334584745,5.776450342061532,1.6542687853988574,4.4301689303651575,4.187350156355851,5.905266022195642,2.4911001020548866,5.675365525849072,6.373776494240276,3.143866110821164,7.198827685142052,2.590612538006864,1.828108738879768,4.14167384712071,4.821630696861095,4.1934945534687404
12.212598088610896,3.249474745734522,3.7706817023607915,2.9049273143230625,3.7755709296033615,3.5098902321038965,2.2195752604772943,6.380578458640903,1.2664604839456022,3.787511477886217,4.58903753337257,5.529560933086572,1.5744443627589595,4.682815547334498,6.319218621404362,3.099982112590813,7.138856034995454,2.2214039438067346,1.8674947213595778,2.9246362233206593,5.105727966287352,2.927634724438345
12.40658302040864,2.92132930322127,4.063907536593351,2.7007122039794913,3.759798981926658,3.0519580407576132,2.3487915775992647,6.554698987440631,1.1160210587761616,3.2403937686573387,4.297331918369643,4.841351264198738,1.2887756174260905,3.8360981832851095,5.9430725141005105,3.329492395574394,6.527050690217456,2.0193488814614042,1.901101372458718,2.6984815597534144,5.400024544108996,2.121445682915775
12.600567952206369,2.820230145180163,3.9144838940013593,2.8966032972141114,3.6557815601299373,2.7359370729697767,2.516427083006589,6.2198309429501455,1.2465488749222717,2.8063639187857197,3.184875414853676,3.783238215164661,1.749989436376056,3.161999015949678,5.186270945589733,3.88261223591323,5.262054441590081,2.0151490200870783,1.9278671823317566,3.6452087674821776,5.706393772684344,1.8593567572188605
12.794552884004112,2.719130987139049,3.7650602514093565,3.092494390448746,3.551764138333209,2.419916105181917,2.6840625884139255,5.884962898459637,1.3770766910683916,2.3723340689140686,2.072418911337627,2.725125166130506,2.211203255326055,2.487899848614197,4.429469377078901,4.435732076252106,3.997058192962613,2.010949158712752,1.9546329922047971,4.59193597521101,6.012763001259715,1.5972678315219269
12.988537815801841,2.6180318290979425,3.615636608817365,3.288385483683366,3.447746716536488,2.1038951373940806,2.85169809382125,5.550094853969152,1.5076045072145017,1.938304219042449,0.9599624078216595,1.6670121170964287,2.6724170742760207,1.8138006812787655,3.6726678085681237,4.988851916590941,2.7320619443352383,2.006749297338426,1.9813988020778357,5.538663182939773,6.319132229835063,1.3351789058250123
13.182522747599585,2.516932671056828,3.4662129662253625,3.4842765769180004,3.3437292947397594,1.7878741696062213,3.0193335992285864,5.215226809478643,1.6381323233606215,1.504274369170798,-0.1524940956943892,0.6088990680622741,3.13363089322602,1.1397015139432844,2.9158662400572912,5.541971756929818,1.4670656957077703,2.0025494359641,2.0081646119508765,6.485390390668606,6.625501458410433,1.0730899801280784
13.376507679397314,2.729814711660962,3.4591719259357587,3.4131861980417098,3.181657245296279,1.7695430908663063,2.8511826868872396,4.4352079512679605,1.941518538073384,1.1182345855766929,-0.7618669594926624,0.21093684728109324,3.11022302625851,0.8805152794867959,2.3217770148739163,5.5030177537497185,0.48364544047496794,2.1299563648528137,2.0066835661323714,6.979906911973832,6.569154019258473,1.0454561690452522
13.570492611195057,3.375293070398599,3.648302471040577,2.9742546798125638,2.9395988199839085,2.1613625259257927,2.220392710092107,3.041870194153773,2.4830652130335817,0.798314448853808,-0.6781023641243039,0.7225157676484164,2.4191141698046277,1.1929868636635597,1.9518692404971658,4.648317566165663,-0.11182566830312202,2.438688204770633,1.966284630249957,6.851377598651042,6.0130636156821655,1.3408494047640915
13.764477542992786,4.02077142913619,3.837433016145381,2.5353231615834506,2.6975403946715564,2.5531819609852504,1.5896027332970197,1.6485324370396874,3.02461188799374,0.47839431213094663,-0.5943377687559516,1.234094688015702,1.7280053133507962,1.5054584478403006,1.5819614661204422,3.7936173785816707,-0.7072967770811682,2.74742004468843,1.925885694367546,6.7228482853282605,5.456973212105898,1.6362426404829091
13.95846247479053,4.666249787873827,4.026563561250199,2.0963916433543046,2.4554819693591865,2.945001396044737,0.9588127565018865,0.2551946799254994,3.566158562953938,0.15847417540806163,-0.5105731733875931,1.7456736083830249,1.0368964568969141,1.8179300320170644,1.2120536917436915,2.9389171909976155,-1.3027678858592582,3.0561518846062485,1.8854867584851318,6.59431897200547,4.90088280852959,1.9316358762017485
14.152447406588259,5.311728146611418,4.215694106355003,1.6574601251251913,2.213423544046834,3.3368208311041947,0.3280227797067998,-1.1381430771885865,4.107705237914097,-0.1614459613147996,-0.42680857801924077,2.2572525287503105,0.34578760044308243,2.1304016161938053,0.8421459173669681,2.084217003413623,-1.8982389946373046,3.3648837245240455,1.8450878226027205,6.465789658682689,4.344792404953323,2.227029111920566
14.346432338386002,5.517246460870369,4.086497171248033,1.307702864477051,2.204996743759559,3.36501973270263,-0.08639221800169955,-1.8787779237432192,4.573535804182353,-0.37907840203708193,-0.3286910448810805,2.4643154871928172,-0.12733025815690618,2.167538207680919,0.6133749977113585,1.695762669221818,-2.2012790759994245,3.1116213488888205,2.021193376498684,5.945765897382809,3.879845283027034,2.2787528738020013
14.540417270183731,5.014536410846615,3.4448706338489803,1.1014944087154173,2.57265987643947,2.807878263363824,-0.15249627376586766,-1.5687202801288684,4.917481902800147,-0.4320526004169325,-0.207468782650078,2.1811820191222413,-0.2495357787481901,1.7614526158140058,0.6117999905336766,2.057850440490658,-2.033576527862694,1.9536853579731992,2.5458183529646696,4.795531561290646,3.561616614488598,1.9382282143842389
14.734402201981474,4.511826360822825,2.8032440964498804,0.8952859529537686,2.9403230091194086,2.250736794024977,-0.2186003295300406,-1.2586626365144948,5.261428001417967,-0.4850267987967869,-0.08624652041906666,1.8980485510516452,-0.37174129933948297,1.355367023947063,0.6102249833559945,2.4199382117595243,-1.8658739797259511,0.7957493670574931,3.0704433294306934,3.6452972251983993,3.243387945950139,1.5977035549664511
14.928387133779204,4.009116310799072,2.1616175590508275,0.689077497192135,3.30798614179932,1.6935953246861717,-0.2847043852942087,-0.9486049929001441,5.60537410003576,-0.5380009971766375,0.0349757418119358,1.6149150829810694,-0.49394681993076694,0.9492814320801499,0.6086499761783126,2.7820259830283645,-1.6981714315892207,-0.36218662385812816,3.5950683058966786,2.4950628891062365,2.9251592774117032,1.2571788955486887
15.122372065576947,3.5064062607752824,1.519991021651728,0.48286904143048615,3.675649274479258,1.136453855347325,-0.35080844105838166,-0.6385473492857705,5.949320198653581,-0.5909751955564919,0.15619800404294715,1.3317816149104733,-0.6161523405220598,0.5431958402132069,0.6070749690006305,3.144113754297231,-1.5304688834524778,-1.5201226147738343,4.119693282362702,1.3448285530139898,2.6069306088732445,0.9166542361309011
15.316356997374676,2.877443712806031,0.9727587490886994,0.3068598922418139,3.786797202363322,0.7923609799047102,-0.2405678284854052,-0.5480432545762639,6.039515605884067,-0.4639691092309107,0.4917780818324046,1.2085122876353003,-0.7329430487248759,0.4063844785840543,0.9424907977593879,3.192806376375848,-1.0797432645575213,-1.9195060212448931,4.383261092739788,0.5557812850694313,2.244951184251553,0.8496285915816899
15.51034192917242,2.009625087642498,0.6041102208100378,0.1879845662992835,3.4126460941470422,0.851333011833325,0.20329783229305654,-0.872910738876001,5.649642137516853,0.0035402184293502614,1.2328999728406689,1.3876886321352664,-0.8394895172738404,0.7790108498372462,1.9154568566683212,2.648589256743114,-0.09356859287658903,-0.8837899436313783,4.152936967272929,0.45006090280961075,1.8002000589317675,1.300033515702813
15.704326860970149,1.1418064624790287,0.23546169253140325,0.0691092403567618,3.0384949859307895,0.9103050437619356,0.6471634930714858,-1.1977782231757144,5.2597686691496675,0.47104954608957716,1.974021863848879,1.5668649766352196,-0.9460359858227969,1.151637221090411,2.8884229155771832,2.1043721371104205,0.8926060788042713,0.15192613398206012,3.922612841806086,0.34434052054979813,1.3554489336120146,1.7504384398239028
15.898311792767892,0.2739878373154956,-0.13318683574725831,-0.049766085585768616,2.6643438777145096,0.9692770756905504,1.0910291538499475,-1.5226457074754514,4.869895200782453,0.938558873749838,2.7151437548571433,1.7460413211351857,-1.0525824543717612,1.5242635923436025,3.8613889744861165,1.5601550174776866,1.8787807504852037,1.1876422115955747,3.6922887163392266,0.2386201382899777,0.910697808292229,2.2008433639450256
16.09229672456562,-0.5938307878479736,-0.5018353640258928,-0.16864141152829026,2.2901927694982573,1.0282491076191609,1.5348948146283767,-1.8475131917751648,4.480021732415268,1.406068201410065,3.4562656458653533,1.9252176656351387,-1.159128922920718,1.896889963596767,4.834355033394979,1.0159378978449927,2.864955422166063,2.2233582892090133,3.461964590872384,0.13289975603016502,0.4659466829724759,2.6512482880661157
16.286281656363364,-1.203466622196898,-0.8419808927847394,-0.22174094222029933,2.047546274807988,1.1640410909847314,1.7766549879190887,-1.9310184422196208,4.015834477483015,1.512922588659798,3.872224472006975,2.135844483667489,-1.2082245325555612,1.9983453555982982,5.282389261284658,0.7374544727558968,3.4435176143840893,2.9483592461566532,3.273941974250639,0.01881901402862797,0.23613232252548963,2.876334543130838
16.480266588161108,-1.2341471074463493,-1.118210604438541,-0.12734323507779366,2.0997889134791006,1.4720959957543984,1.5652089165402643,-1.473287168261281,3.385004186010964,0.8110355943828256,3.55902975875061,2.416996605984584,-1.1284909434132742,1.4917203698839336,4.55330362567652,1.054858726340463,3.108039701139764,2.976605084035304,3.18077728655431,-0.1140092013331237,0.48829737421754754,2.59616075243268
16.674251519958837,-1.2648275926957984,-1.3944403160923224,-0.03294552793529487,2.1520315521502087,1.7801509005240428,1.3537628451614552,-1.0155558943029748,2.7541738945389596,0.10914860010590477,3.245835045494268,2.6981487283016583,-1.048757354270993,0.985095384169606,3.824217990068436,1.372262979925006,2.7725617878954623,3.0048509219139534,3.0876125988579877,-0.24683741669486567,0.740462425909587,2.3159869617345423
16.86823645175658,-1.2955080779452497,-1.6706700277461242,0.0614521792072108,2.2042741908213213,2.08820580529371,1.1423167737826305,-0.5578246203446349,2.123343603066909,-0.5927383941710676,2.932640332237903,2.9793008506187535,-0.9690237651287057,0.4784703984552412,3.095132354460298,1.689667233509572,2.4370838746511367,3.0330967597926044,2.9944479111616586,-0.3796656320566173,0.9926274776016449,2.0358131710363843
17.06222138355431,-1.3261885631946988,-1.9468997393999055,0.15584988634970953,2.25651682949243,2.396260710063354,0.9308707024038216,-0.10009334638632872,1.4925133115949047,-1.294625388447988,2.6194456189815614,3.260452972935828,-0.8892901759864245,-0.028154587259086483,2.366046718852213,2.007071487094115,2.1016059614068356,3.061342597671253,2.9012832234653363,-0.5124938474183592,1.2447925292936843,1.7556393803382468
17.256206315352053,-1.5313465648325644,-2.1398636929842887,0.2263512619130024,2.2155550813409493,2.56896465187391,0.7374302748943177,0.37509881703664005,1.0609281425794568,-1.5785797398696264,2.3528923776021458,3.31950813797276,-0.6989637566851274,-0.3066972259687763,1.8979376508043986,2.1829729580038753,1.7500286483532377,2.92648775131892,2.585913174669896,-0.4263088683250363,1.417326854420946,1.6517481388099162
17.45019124714978,-2.2057889208943866,-2.1088714696923088,0.23257974564255043,1.923905672080449,2.3776211760703228,0.5924188205505825,0.8972547521230552,1.165243647757618,-0.7384393967149196,2.211788612305569,2.7811990730837812,-0.21118075971480765,0.028222999678905958,2.1317655575739813,1.9782807375814175,1.3551495013299024,2.3529483060005347,1.6728873270562286,0.2489460820611915,1.3756819839601402,2.021996167462469
17.644176178947525,-2.880231276956258,-2.0778792464003266,0.23880822937209892,1.6322562628199273,2.186277700266721,0.44740736620683674,1.4194106872095087,1.2695591529357866,0.1017009464398484,2.0706848470089816,2.242890008194763,0.2766022372555479,0.36314322532661275,2.3655934643435814,1.7735885171589447,0.9602703543065385,1.7794088606821077,0.759861479442494,0.9242010324474688,1.3340371134993312,2.392244196115049
17.838161110745254,-3.5546736330180804,-2.0468870231083467,0.24503671310164696,1.340606853559427,1.9949342244631334,0.30239591186310155,1.941566622295924,1.3738746581139478,0.9418412895945552,1.9295810817124044,1.7045809433057846,0.7643852342258677,0.6980634509742949,2.599421371113164,1.568896296736487,0.5653912072832035,1.2058694153637226,-0.1531643681711734,1.5994559828336965,1.2923922430385253,2.762492224767602
18.032146042542998,-4.229115989079952,-2.0158947998163645,0.25126519683119547,1.0489574442989054,1.803590748659532,0.1573844575193558,2.4637225573823773,1.4781901632921166,1.7819816327493232,1.7884773164158172,1.1662718784167665,1.2521682311962232,1.0329836766220017,2.8332492778827643,1.3642040763140142,0.17051206025983934,0.6323299700452956,-1.0661902157849075,2.274710933219974,1.2507473725777163,3.132740253420182
18.226130974340727,-4.7006142334062275,-1.8228426065869778,0.23193129145148342,0.804139776276306,1.6359021391629756,0.0015086000698888088,2.7326453739849925,1.3953130572536845,2.5249889529481115,1.594769305305942,0.7787112650048506,1.7640154976570386,1.405699196463379,3.0523176480755025,1.200586666202723,0.0400632095137671,0.18587089099114448,-1.6255868425617128,2.6887075234211557,1.2011429100178188,3.3440051558729977
18.42011590613847,-4.506455791239834,-1.0982337119627923,0.12875274979338286,0.7129302195140288,1.545801491153483,-0.19000249956639573,2.170963561960625,0.6984441864247181,2.9493999578514907,1.2285193679284054,0.8856055724377542,2.3547935680467296,1.902383281260124,3.2229747382961986,1.1716946339120669,0.7769457305572522,0.15623541328371768,-1.0250796249934564,2.245776692215274,1.1254309853728932,3.033805404390606
18.6141008379362,-4.3122973490734555,-0.37362481733866004,0.02557420813528985,0.6217206627517582,1.455700843143997,-0.3815135992026662,1.6092817499362992,0.0015753155958027065,3.3738109627548387,0.8622694305508956,0.99249987987065,2.9455716384363773,2.3990673660568325,3.393631828516882,1.142802601621413,1.5138282516006831,0.12659993557629304,-0.4245724074252444,1.8028458610094251,1.049719060727973,2.723605652908237
18.808085769733943,-4.118138906907062,0.3509840772855255,-0.07760433352281071,0.530511105989481,1.3656001951345045,-0.5730246988389508,1.047599937911932,-0.6952935552331636,3.798221967658218,0.4960194931733588,1.0993941873035538,3.5363497088260685,2.8957514508535773,3.564288918737578,1.113910569330757,2.2507107726441684,0.09696445786886625,0.17593481014301204,1.3599150298035436,0.9740071360830473,2.413405901425845
19.00207070153167,-3.9239804647406835,1.075592971909658,-0.1807828751809037,0.4393015492272105,1.2754995471250186,-0.7645357984752212,0.48591812588760597,-1.392162426062079,4.222632972561566,0.12976955579584915,1.2062884947364494,4.127127779215716,3.3924355356502858,3.7349460089582616,1.085018537040103,2.987593293687599,0.06732898016144162,0.7764420277112243,0.9169841985976945,0.8982952114381273,2.1032061499434764
19.196055633329415,-3.5453574750330623,1.698097201136798,-0.0989948642718389,0.4823557842861479,1.268316708601912,-0.9315780494120208,0.1351483441986009,-1.839685964119903,4.496011421277928,-0.0909521630058068,1.2822312689446786,4.489594039978924,3.59030375232945,3.838138385252521,1.116639908258015,3.504443670248059,-0.05111083504441142,1.3954598594021437,0.6062832250223514,0.8615559277596403,1.7726155529161587
19.390040565127144,-2.411308243013761,1.9024585149283664,0.7402752190551494,1.0752522144224477,1.600702042261155,-0.9984145390080579,0.6481135438830263,-1.2660809965434707,4.150875592275999,0.28429882283664704,1.2314201451851863,3.917069080366963,2.564449842431816,3.6650466949908846,1.3960780747967316,3.120210026544648,-0.5332255561961986,2.0902830632144007,0.837095001743533,0.9844188880389555,1.3585195884191668
19.584025496924887,-1.2772590109943769,2.1068198287199498,1.579545302382199,1.6681486445587907,1.9330873759204223,-1.0652510286041,1.1610787435674894,-0.6924760289669964,3.805739763274045,0.6595498086791285,1.18060902142569,3.344544120754961,1.5385959325341072,3.4919550047292356,1.6755162413354685,2.7359763828412085,-1.0153402773480211,2.785106267026708,1.0679067784647314,1.1072818483182796,0.9444236239221444
19.778010428722617,-0.14320977897507525,2.311181142511518,2.418815385709187,2.2610450746950903,2.265472709579665,-1.132087518200137,1.674043943251915,-0.11887106139056414,3.4606039342721164,1.0348007945215822,1.1297978976661975,2.772019161143001,0.512742022636473,3.318863314467599,1.9549544078741852,2.3517427391377974,-1.4974549984998085,3.4799294708389654,1.2987185551859128,1.2301448085975948,0.5303276594251525
19.97199536052036,0.990839453044309,2.5155424563031015,3.258085469036237,2.8539415048314334,2.597858043238933,-1.1989240077961791,2.187009142936378,0.45473390618591036,3.1154681052701623,1.4100517803640635,1.0789867739067012,2.1994942015309986,-0.5131118872612364,3.14577162420595,2.2343925744129223,1.9675090954343581,-1.9795697196516309,4.174752674651273,1.5295303319071114,1.3530077688769189,0.11623169492813012
20.16598029231809,1.9081011818158704,2.638245840683068,3.8562797082377585,3.204783082893074,2.728379536427061,-1.2327444172967181,2.4827261298397647,0.8370034829584101,2.7029951481297543,1.710060249454241,0.9830918782053871,1.752311533589963,-1.3486134110222583,2.7985104775827447,2.434764170027408,1.543163403509307,-2.3615181919373986,4.714280553120642,1.5993682157131115,1.369640773656442,-0.24736676150880596
20.359965224115832,1.6776643639813997,2.328642539942642,3.1781900667746252,2.274157797029611,1.7902101094736143,-1.0917738145269125,1.6283055196666705,0.2063209907685778,1.9340315126090077,1.6117259827969495,0.6485181898708062,1.9687057039069702,-1.1763670081773863,1.529175738456757,2.2165480372193596,0.9064598092342896,-2.2131747584617245,4.4316567091862265,0.8169913723207898,0.8238798963780392,-0.34362546939243427
20.553950155913576,1.447227546146929,2.0190392392022165,2.500100425311492,1.3435325111661478,0.8520406825201676,-0.9508032117571068,0.773884909493576,-0.4243615014212545,1.1650678770882608,1.513391716139658,0.31394450153622544,2.1850998742239773,-1.0041206053325145,0.25984099933076976,1.998331904411311,0.26975621495927227,-2.0648313249860504,4.149032865251811,0.03461452892846806,0.2781190190996363,-0.43988417727606255
20.747935087711305,1.2167907283124753,1.7094359384618139,1.8220107838484085,0.41290722530275303,-0.08612874443320973,-0.8098326089873116,-0.08053570067945559,-1.0550439936110407,0.3961042415675702,1.4150574494823738,-0.020629186798331034,2.4014940445409683,-0.8318742024876552,-1.0094937397951247,1.7801157716032785,-0.36694737931569854,-1.9164878915103871,3.8664090213174163,-0.7477623144637966,-0.26764185817872654,-0.5361428851596839
20.94192001950905,0.9863539104780046,1.3998326377213883,1.1439211423852753,-0.5177180605607101,-1.0242981713866564,-0.6688620062175058,-0.93495631085255,-1.6857264858008731,-0.3728593939531768,1.3167231828250823,-0.3552028751329117,2.6178882148579756,-0.6596277996427833,-2.2788284789211124,1.5618996387952297,-1.003650973590716,-1.7681444580347128,3.5837851773830005,-1.530139157856118,-0.8134027354571292,-0.6324015930433122
21.135904951306777,0.8003025674200552,1.1067214711035298,0.5033490560492998,-1.355875694685377,-1.786962549850104,-0.5968482242223052,-1.645183725605645,-2.204255007746484,-0.9735213648631639,1.1958848297430247,-0.5643357617957013,2.8465114329873895,-0.4730932042417608,-3.344539598985156,1.356981803623336,-1.534280527389996,-1.5629329314258675,3.3600171404114922,-2.153397184024287,-1.270452182235432,-0.6763603019360444
21.32988988310452,0.9351923496692155,0.9328611204486967,0.1340577529401325,-1.5254210777760393,-1.2805904238476067,-1.0234453001358461,-1.3127834196297252,-1.9118240525417158,-0.3572328378185383,0.9123246209740886,0.1335648405529848,3.1635600737605203,-0.1832439857422854,-2.9378953196785575,1.248220889820458,-1.297913173134108,-0.9465213467769604,3.5618218614794186,-1.626103762571793,-1.0860497469362311,-0.342149787356092
21.52387481490225,1.0700821319183658,0.7590007697938763,-0.23523355016900782,-1.6949664608666892,-0.7742182978451466,-1.450042376049356,-0.9803831136538299,-1.619393097336969,0.25905568922604205,0.6287644122051734,0.8314654429016198,3.480608714533628,0.10660523275716871,-2.5312510403719886,1.1394599760175883,-1.0615458188782374,-0.3301097621280984,3.7636265825473303,-1.098810341119338,-0.9016473116370437,-0.00793927277616413
21.717859746699993,1.204971914167526,0.5851404191390431,-0.6045248532781751,-1.8645118439573514,-0.26784617184264925,-1.8766394519628968,-0.6479828076779102,-1.3269621421322007,0.8753442162706677,0.34520420343623737,1.5293660452503062,3.7976573553067587,0.39645445125664414,-2.12460676106539,1.0306990622147103,-0.8251784646223495,0.2863018225208085,3.9654313036152566,-0.5715169196668441,-0.7172448763378427,0.3262712418037883
21.911844678497722,1.3398616964166763,0.4112800684842227,-0.9738161563873153,-2.0340572270480015,0.23852595415981082,-2.3032365278764066,-0.31558250170201485,-1.0345311869274538,1.491632743315248,0.06164399466732218,2.227266647598941,4.114705996079866,0.6863036697560982,-1.7179624817588208,0.9219381484118403,-0.5888111103664788,0.9027134071696703,4.167236024683168,-0.04422349821438898,-0.5328424410386554,0.6604817563837162
22.105829610295466,1.3940535967336654,0.22701675374343944,-1.307566374706204,-2.165431176023711,0.7057320710015876,-2.6759413485181995,0.031176519357295093,-0.7759973622430023,2.0479120617673647,-0.24797319243481222,2.810745729641474,4.361072953424112,0.9306988262179143,-1.3629142977089983,0.7863869268951656,-0.3721998213947593,1.461631010547418,4.349265052568934,0.37048929852323836,-0.3470111646324874,0.9895762742560986
22.299814542093195,0.5695352271227092,-0.07052328104432393,-1.2543136697532087,-1.8811606201922155,0.7464638658711099,-2.461819389534356,0.5342859935468008,-0.8865656254464016,1.9507577755455652,-0.8413219213872603,2.148301590572722,3.837794913431723,0.6801497516030571,-1.5696902620106714,0.35911902138387375,-0.37071013218396676,1.3945030400837082,4.3159587546934235,-0.44067581830084485,-0.14562139617269346,1.2629632724238167
22.493799473890938,-0.25498314248830733,-0.36806331583210916,-1.2010609648002095,-1.5968900643606991,0.7871956607406352,-2.247697430550497,1.0373954677363433,-0.9971338886498089,1.8536034893237585,-1.4346706503397517,1.4858574515039207,3.3145168734392954,0.4296006769881816,-1.7764662263123598,-0.06814888412744946,-0.369220442973174,1.3273750696199937,4.282652456817909,-1.2518409351249873,0.05576837228711523,1.5363502705915546
22.687784405688667,-1.0795015120992635,-0.6656033506198725,-1.1478082598472144,-1.3126195085292038,0.8279274556101575,-2.0335754715666536,1.540504941925849,-1.107702151853208,1.7564492031019587,-2.0280193792922,0.8234133124351679,2.791238833446906,0.17905160237332451,-1.9832421906140332,-0.49541678963874136,-0.36773075376238146,1.2602470991562842,4.249346158942399,-2.0630060519490705,0.2571581407469091,1.8097372687592725
22.88176933748641,-1.9040198817102802,-0.9631433854076576,-1.094555554894215,-1.0283489526976877,0.8686592504796826,-1.8194535125827946,2.0436144161153917,-1.2182704150566155,1.659294916880152,-2.6213681082446914,0.16096917336636674,2.2679607934544785,-0.07149747224155112,-2.1900181549157214,-0.9226846951500647,-0.3662410645515888,1.1931191286925698,4.216039861066885,-2.874171168773213,0.45854790920671784,2.0831242669270105
23.07575426928414,-2.661880828343445,-1.1993014954016967,-1.0105296840030955,-0.7415829035479509,0.9009644446379659,-1.623094206617135,2.4918760889536555,-1.2835202610780458,1.5898901248464643,-3.1792887548789954,-0.47440765662626555,1.7753538505929263,-0.28883099102577087,-2.3767366774228216,-1.3263702579464696,-0.33710713587799696,1.1627567429268097,4.159328888210177,-3.6040161288514687,0.6651357500805177,2.343713360505113
23.269739201081883,-2.0599303462288563,-0.1832683396029724,-0.298731227973835,-0.4039087907060381,0.7613669842868649,-1.7890930222226438,1.821242614225904,-0.42427439658672295,2.086575014250622,-3.0144765222227408,-0.5576113814657389,1.9084372892008208,0.1714328291354268,-2.154283387320381,-1.2489760293589005,0.25596927783706314,1.882412284999703,3.625162545736731,-2.6749298913138206,0.9777642682001206,2.34322520045491
23.463724132879612,-1.4579798641143116,0.8327648161956773,0.41306722805537355,-0.06623467786415005,0.621769523935774,-1.9550918378281403,1.1506091394982012,0.4349714679045369,2.583259903654743,-2.8496642895664985,-0.6408151063052061,2.041520727808705,0.6316966492965908,-1.9318300972179567,-1.1715818007713372,0.8490456915520799,2.6020678270725432,3.090996203263324,-1.7458436537762403,1.2903927863197007,2.342737040404707
23.657709064677356,-0.8560293819997229,1.8487979719944017,1.124865684084634,0.2714394349777627,0.4821720635846729,-2.121090653433649,0.4799756647704494,1.29421733239586,3.079944793058901,-2.6848520569102443,-0.7240188311446796,2.1746041664165996,1.0919604694577885,-1.7093768071155162,-1.0941875721837684,1.4421221052671398,3.3217233691454364,2.5568298607898785,-0.816757416238592,1.6030213044393036,2.3422488803545045
23.851693996475085,-0.2540788998851782,2.8648311277930514,1.8366641401138426,0.6091135478196508,0.34257460323358213,-2.2870894690391457,-0.19065780995725312,2.15346319688712,3.576629682463022,-2.520039824254002,-0.8072225559841468,2.3076876050244843,1.5522242896189524,-1.4869235170130919,-1.016793343596205,2.0351985189821566,4.041378911218277,2.022663518316472,0.11232882129898814,1.9156498225588836,2.341760720304302
24.045678928272828,0.3447504446103951,3.86767884530473,2.535587605386149,0.9432990098707313,0.20470584909637213,-2.4443304952310125,-0.8587659438156204,3.002284342813583,4.060142706409244,-2.3512412453405545,-0.8888472288238767,2.435370879569173,2.01015182063398,-1.2689582965369546,-0.9411623247921567,2.621536883662053,4.750130942668459,1.493651026918627,1.0307212451780456,2.223797402709226,2.3428366356745265
24.239663860070557,0.6127392014899689,3.472870104388112,1.8697620504199102,0.9076874880932275,0.2500799536317953,-1.6732458435759605,-1.2591879455189354,2.7460853208637532,3.1474379918128954,-1.7598899631642062,-0.8030923896906367,1.9906367634134725,2.2204327021547408,-1.5267284564494084,-1.0524315430414648,2.493642050613947,4.303110848110127,1.5109467495350308,0.8155694212453581,2.056965558117536,2.50970454561024
24.4336487918683,0.8807279583695623,3.0780613634714644,1.2039364954536227,0.872075966315721,0.2954540581672218,-0.9021611919208519,-1.6596099472222796,2.489886298913905,2.2347332772164794,-1.1685386809878147,-0.7173375505573903,1.5459026472577397,2.430713583675517,-1.7844986163618812,-1.163700761290781,2.3657472175658314,3.8560907535517632,1.5282424721514358,0.6004175973126549,1.8901337135258338,2.676572455545965
24.627633723666044,1.1487167152491558,2.683252622554818,0.5381109404873352,0.8364644445382146,0.3408281627026484,-0.13107654026574345,-2.060031948925624,2.233687276964057,1.3220285626200639,-0.5771873988114233,-0.631582711424144,1.1011685311020072,2.640994465196293,-2.0422687762743537,-1.274969979540097,2.2378523845177156,3.4090706589933992,1.5455381947678408,0.3852657733799516,1.7233018689341315,2.843440365481691
24.821618655463773,1.4167054721287293,2.2884438816382,-0.12771461447890342,0.8008529227607109,0.3862022672380716,0.6400081113893088,-2.4604539506289385,1.9774882550142272,0.4093238480237149,0.014163883364925134,-0.545827872290904,0.656434414946307,2.851275346717054,-2.3000389361868074,-1.3862391977894053,2.109957551469609,2.962050564435068,1.5628339173842447,0.170113949447264,1.5564700243424412,3.010308275417404
25.015603587261516,1.6846942290083229,1.8936351407215526,-0.7935401694451905,0.7652414009832044,0.43157637177349806,1.4110927630444174,-2.860875952332283,1.7212892330643792,-0.5033808665727006,0.6055151655413162,-0.4600730331576577,0.2117002987905745,3.06155622823783,-2.5578090960992803,-1.4975084160387215,1.9820627184214938,2.5150304698767036,1.5801296400006497,-0.04503787448543917,1.3896381797507387,3.1771761853531295
25.209588519059245,1.4838301323782783,2.1066110355292236,-0.9568703249788,0.8425826945641035,0.23561448870652063,0.9679699309018256,-2.2171469707878355,1.628324352080394,-0.6778373435167282,0.19285642945921838,-1.2717052040714836,0.4682859258107625,2.7515088923565796,-2.5700981736404334,-1.0911417332562587,1.219483915419226,2.378296191263289,1.734960958555145,0.1195519397619239,1.1037059356639949,2.4255430340103503
25.40357345085699,1.2694414342046847,2.3371191794443265,-1.105705420913416,0.9231822424341901,0.03269099061254266,0.48982188288045436,-1.5432982493419902,1.5400681482396437,-0.830998198220817,-0.24876413407264697,-2.1092235387367033,0.7451019300379481,2.426452088665646,-2.575306066113191,-0.6698432456363247,0.4385969209759333,2.250512465032883,1.8937596500694007,0.2950958397260216,0.8143381031302604,1.6474146597460448
25.597558382654718,1.0550527360311066,2.567627323359412,-1.2545405168480215,1.0037817903042707,-0.1702325074814205,0.011673834859118326,-0.8694495278961942,1.4518119443988997,-0.9841590529248945,-0.6903846976044801,-2.9467418734018618,1.0219179342651135,2.1013952849747364,-2.5805139585859482,-0.24854475801642129,-0.3422900734673022,2.1227287388024862,2.052558341583645,0.4706397396901064,0.5249702705965472,0.8692862854817958
25.79154331445246,0.840664037857513,2.7981354672745145,-1.4033756127826376,1.0843813381743574,-0.3731560055753984,-0.466474213162253,-0.19560080645034894,1.363555740558149,-1.1373199076289833,-1.1320052611363454,-3.784260208067082,1.298733938492299,1.7763384812838032,-2.5857218510587057,0.17275372960351265,-1.123177067910595,1.9949450125720798,2.211357033097901,0.6461836396542042,0.23560243806281278,0.09115791121749028
25.98552824625019,0.6262753396839349,3.0286436111896005,-1.552210708717243,1.1649808860444382,-0.5760795036693616,-0.9446222611835893,0.47824791499544705,1.2752995367174051,-1.2904807623330607,-1.5736258246681785,-4.62177854273224,1.5755499427194641,1.4512816775928936,-2.5909297435314627,0.5940522172234162,-1.9040640623538305,1.867161286341683,2.370155724612145,0.821727539618289,-0.05376539447090045,-0.6869704630467584
26.179513178047934,0.20657102241144182,2.5441619883220534,-1.9674628639044294,1.1585763743724362,-0.27510487590959365,-0.6708468560385102,0.6954496393398378,0.9260385744204518,-0.937972796427736,-1.1374758997299632,-3.8742887812333042,1.3326449940509808,1.6509713387887441,-2.0995167299745656,1.0707664811544866,-2.2601638371073056,1.6548574439669788,2.600865750233187,0.995652899781938,0.5491477413058117,-0.45007884546644134
26.373498109845663,-0.22750538819794863,2.009631081779739,-2.4013642132392716,1.1460815785324865,0.061142620659926594,-0.34443680917178143,0.8806860738870996,0.5585072790315836,-0.5500680130797658,-0.6398820405988533,-3.015848453002894,1.0533595786798058,1.8873932525266677,-1.5733402529956169,1.5513598494273033,-2.586528506482457,1.4366371934621869,2.8366095692416886,1.169464962159543,1.2145205448642324,-0.14213582845699357
26.567483041643406,-0.6615817988073707,1.4751001752373858,-2.835265562574146,1.1335867826925359,0.3973901172294716,-0.018026762305028754,1.065922508434375,0.1909759836426883,-0.16216322973176722,-0.14228818146770683,-2.15740812477242,0.7740741633086101,2.1238151662646088,-1.0471637760166292,2.0319532177001554,-2.912893175857632,1.2184169429573792,3.0723533882502077,1.3432770245371604,1.8798933484227018,0.16580718855247678
26.761467973441135,-1.095658209416761,0.9405692686950715,-3.2691669119089886,1.1210919868525862,0.733637613798992,0.30838328456169994,1.251158942981637,-0.17655531174618,0.22574155361620307,0.35530567766340315,-1.2989677965420094,0.4947887479374351,2.3602370800025323,-0.5209872990376803,2.5125465859729723,-3.2392578452327827,1.0001966924525874,3.30809720725871,1.5170890869147653,2.5452661519811226,0.4737502055619245
26.95545290523888,-1.5297346200261832,0.4060383621527177,-3.7030682612438626,1.1085971910126355,1.0698851103685367,0.6347933314284527,1.4363953775289122,-0.5440866071350752,0.6136463369642016,0.8528995367945496,-0.44052746831153566,0.21550333256623944,2.5966589937404727,0.005189177941307133,2.9931399542458244,-3.565622514607958,0.7819764419477797,3.543841026267229,1.6909011492923829,3.210638955539592,0.7816932225713948
27.149437837036608,-1.9577824677960856,0.06438890707737183,-2.7884674744615228,0.718629048795131,1.094226517792315,-0.1301146318828139,1.3914222916335979,-0.2870862326949463,0.7486370313145414,0.3542340356919008,-0.27678103322001274,-0.16191645450404987,2.087159871612741,0.2668366328379347,2.443237480736866,-2.8568293981959365,0.9097596442323376,3.5005879937386046,2.2592107274315376,3.1128273956850943,0.6343865682110106
27.34342276883435,-2.385139542740661,-0.25515954835074206,-1.7193508179156844,0.2854087523051685,1.082828685834811,-1.020069450527035,1.3200710315209012,0.041475062246442373,0.8546479863005783,-0.2585861837709059,-0.1926349400506434,-0.550580804998224,1.4921906307920296,0.4981734706209812,1.7752573586903695,-2.029424452162414,1.0771890754823523,3.425366571971348,2.8727231459184126,2.9275676275228566,0.4349158890061541
27.53740770063208,-2.8124966176852055,-0.5747080037788326,-0.6502341613699247,-0.14781154418476228,1.071430853877308,-1.9100242691711906,1.2487197714082097,0.3700363571878069,0.9606589412866076,-0.8714064032336678,-0.10848884688128022,-0.9392451554923698,0.8972213899713619,0.7295103084040108,1.1072772366439219,-1.2020195061289516,1.2446185067323547,3.350145150204096,3.486235564405243,2.7423078593606323,0.23544520980131223
27.731392632429824,-3.2398536926297807,-0.8942564592069464,0.4188824951759136,-0.5810318406747248,1.0600330219198042,-2.7999790878154114,1.1773685112955128,0.6985976521291954,1.0666698962726444,-1.4842266226964749,-0.02434275371191086,-1.327909505986544,0.3022521491506507,0.9608471461870574,0.4392971145974256,-0.3746145600954285,1.4120479379823694,3.274923728436839,4.099747982892118,2.5570480911983946,0.035974530596455834
27.925377564227553,-3.667210767574325,-1.213804914635037,1.4879991517216729,-1.0142521371646553,1.048635189962301,-3.6899339064595678,1.1060172511828212,1.02715894707056,1.1726808512586735,-2.0970468421592363,0.059803339457452365,-1.7165738564806896,-0.292717091670017,1.192183983970087,-0.22868300744902204,0.4527903859380338,1.579477369232372,3.1997023066695878,4.713260401378948,2.3717883230361707,-0.16349614860838602
28.119362496025296,-3.2549632643945636,-0.7113511288099736,1.1251400490196346,-0.7716915065591983,1.503815623957501,-3.390032509041173,1.4171536154561368,0.6639555891723441,1.3072896043533244,-2.2147013950878582,-0.18657539777997467,-0.9917489840944612,-1.0012221706267181,1.6577245339834037,-0.051625304241994685,0.5867312023060078,1.474387258457113,2.8776429194908664,3.9263448060554214,1.9108959708452813,-0.26470874164233116
28.313347427823025,-2.705823710433653,-0.07487523843276178,0.5288066377445348,-0.4189492030577362,2.035068601314542,-2.8961328155255806,1.7906520924010794,0.18796451613723175,1.446561041922197,-2.2516224154293543,-0.4868440530185065,-0.08537695580382265,-1.7282385275403271,2.1614504718603276,0.2632103052563932,0.6076072149241231,1.3248646136559894,2.5153382118646364,2.9110985563062806,1.4050635234323503,-0.3499009945397027
28.50733235962077,-2.1566841564727017,0.5616006519444967,-0.06752677353060865,-0.06620689955624837,2.566321578671622,-2.402233122009952,2.164150569346049,-0.28802655689791545,1.58583247949108,-2.288543435770853,-0.7871127082570604,0.8209950724868826,-2.4552548844539896,2.6651764097372883,0.5780459147548042,0.6284832275422398,1.1753419688548552,2.1530335042383797,1.8958523065570656,0.8992310760193822,-0.43509324743708055
28.701317291418512,-1.607544602511751,1.1980765423217554,-0.6638601848057522,0.28653540394523946,3.097574556028703,-1.908333428494324,2.537649046291019,-0.7640176299330628,1.725103917059963,-2.3254644561123516,-1.0873813634956144,1.7273671007775877,-3.182271241367652,3.1689023476142495,0.8928815242532151,0.6493592401603565,1.0258193240537208,1.790728796612123,0.8806060568078502,0.3933986286064144,-0.5202855003344583
28.89530222321624,-1.0584050485508403,1.8345524326989673,-1.260193596080852,0.6392777074467015,3.628827533385744,-1.414433734978732,2.9111475232359614,-1.2400087029681752,1.8643753546288355,-2.3623854764538477,-1.3876500187341463,2.633739129068226,-3.909287598281261,3.6726282854911734,1.207717133751603,0.6702352527784718,0.8762966792525975,1.4284240889858928,-0.1346401929412906,-0.1124338188065166,-0.6054777532318298
29.089287155013984,-1.070069997894524,1.819796557329135,-0.5878145548761863,0.057708611293694645,2.9165611169775882,-0.7762660055744232,3.0050963041733727,-0.9197179808908452,1.6001801344813043,-2.306685783425154,-1.078620370553453,2.3720519761649794,-3.4345723804162285,2.5310040979968873,1.100547308824495,1.0355198650944102,0.295830564839482,1.0059595910870187,-0.3777555932804049,-0.1714029815428101,-0.7823411372243192
29.283272086811714,-1.2028177377244302,1.664433823445734,0.3584910385683766,-0.7255868097846632,1.9358075587338217,-0.10694949569419787,3.038687764381875,-0.4275027803233523,1.2488727950541159,-2.2309884363733556,-0.6380376795890871,1.8581702273221592,-2.7003923907240237,1.034133860706636,0.9022626741918893,1.4751654250723485,-0.3776801623307193,0.5705060475611335,-0.4541609238605101,-0.13389029872391223,-0.9789971517941484
29.477257018609457,-1.335565477554346,1.509071089562322,1.304796632013009,-1.5088822308630783,0.9550540004899828,0.5623670141860766,3.07227922459038,0.06471242024417667,0.8975654556269016,-2.155291089321552,-0.1974549886246888,1.3442884784793012,-1.9662124010317652,-0.4627363765837247,0.703978039559269,1.914810985050319,-1.0511908895009698,0.13505250403521663,-0.530566254440621,-0.09637761590501161,-1.175653166363992
29.671241950407186,-1.4683132173842521,1.3537083556789211,2.251102225457572,-2.292177651941436,-0.025699557753783964,1.2316835240663022,3.1058706847988824,0.5569276208116694,0.5462581161997131,-2.079593742269754,0.24312770233967695,0.830406729636481,-1.2320324113395609,-1.9596066138739765,0.5056934049266631,2.354456545028257,-1.724701616671171,-0.30040103949066865,-0.6069715850207262,-0.058864933086113735,-1.372309180933821
29.86522688220493,-1.6010609572141679,1.1983456217955086,3.197407818902205,-3.075473073019851,-1.0064531159976227,1.9010000339465765,3.1394621450073874,1.0491428213791982,0.19495077677249895,-2.00389639521795,0.6837103933040751,0.316524980793623,-0.49785242164730237,-3.4564768511643376,0.3074087702940428,2.7941021050062274,-2.3982123438414216,-0.7358545830165855,-0.683376915600837,-0.021352250267213102,-1.5689651955036645
30.05921181400266,-1.913774536801618,0.880843701300688,3.209309745144538,-2.6574881510301176,-1.4289419542659374,2.351977280208037,2.6335000217735085,1.0370627192707826,0.19961858221462653,-1.730881132088703,0.6285083030725481,0.424301657777324,0.038990284328330016,-3.2019304029353353,0.21736812030340252,2.5325095096191865,-2.214571510042469,-0.6101253768066346,-0.2837012650130705,-0.4696272067217582,-1.1414771451578596
30.253196745800402,-2.275764477275084,0.518946527328909,2.965363048224365,-1.9105812303431482,-1.6985725953981525,2.743171156669157,1.9798029887875166,0.8869017604773003,0.30175577256144503,-1.4038383443191833,0.4375556179897648,0.7022943323087655,0.5218001626197042,-2.4678293860522484,0.1569657042028167,2.078911228834579,-1.7962344155019565,-0.3307389891213911,0.246329892323067,-1.0509154453583462,-0.5430925056089384
30.44718167759813,-2.637754417748523,0.15704935335715642,2.72141635130421,-1.1636743096562334,-1.968203236530348,3.134365033130248,1.3261059558015726,0.736740801683829,0.4038929629082561,-1.0767955565496878,0.24660293290699542,0.9802870068401867,1.004610040911043,-1.7337283691692154,0.09656328810223533,1.6253129480500044,-1.3778973209614744,-0.051352601436168044,0.7763610496591657,-1.6322036839948915,0.05529213393993904
30.641166609395874,-2.9997443582219887,-0.20484782061462248,2.477469654384037,-0.416767388969264,-2.2378338776625633,3.5255589095913678,0.6724089228155807,0.5865798428903467,0.5060301532550746,-0.7497527687801684,0.05565024782421213,1.2582796813716284,1.4874199192024171,-0.9996273522861285,0.036160872001649524,1.1717146672653966,-0.959560226420962,0.22803378624907555,1.3063922069953033,-2.2134919226314795,0.65367677348886
30.835151541193603,-3.361734298695428,-0.566744994586375,2.2335229574638817,0.3301395317176503,-2.5074645187947584,3.9167527860524594,0.018711889829636785,0.43641888409687535,0.6081673436018856,-0.4227099810106729,-0.13530243725855728,1.5362723559030493,1.9702297974937562,-0.26552633540309545,-0.024241544098931866,0.7181163864808222,-0.5412231318804803,0.5074201739342985,1.8364233643314019,-2.794780161268025,1.2520614130377377
31.029136472991347,-3.10857305854061,-0.27625568545594165,2.390441422559779,0.7841793156068292,-2.608387820132368,3.5027054015249797,-0.053971097398555365,0.22235584535492434,1.1009389070279123,-0.3185394787832622,-0.5135041732956203,1.3630815338557616,2.1148784452555134,-0.23585057559946837,-0.16468308651076952,0.57959179223579,-0.7259931783286919,0.4860627412353677,1.3578990969896703,-2.8570375818489646,1.4528942453175622
31.223121404789076,-2.6477982949237573,0.23441406172147505,2.682651879836093,1.1393764408267169,-2.6523723942892885,2.816889091413869,0.06943815581652216,-0.013274145369620016,1.7255495713681406,-0.2895883729263236,-0.954902464029727,1.0376162817131598,2.14539767771351,-0.4439183400601695,-0.3321378340526453,0.5474045671978784,-1.1143118848605915,0.36320426915677595,0.538987373819181,-2.744122101336113,1.5195533426440473
31.41710633658682,-2.1870235313068704,0.7450838088989291,2.9748623371124285,1.4945735660466304,-2.6963569684462123,2.1310727813027075,0.1928474090316087,-0.2489041360941816,2.3501602357084144,-0.2606372670693829,-1.3963007547638664,0.712151029570534,2.175916910171509,-0.6519861045208859,-0.49959258159453335,0.5152173421599646,-1.5026305913925198,0.24034579707817516,-0.2799243493513681,-2.6312066208232525,1.586212439970537
31.61109126838455,-1.7262487676900178,1.2557535560763458,3.267072794388743,1.8497706912665182,-2.7403415426031326,1.445256471191597,0.31625666224668625,-0.4845341268187259,2.9747709000486426,-0.23168616121244429,-1.8376990454979731,0.3866857774279322,2.2064361426295056,-0.860053868981587,-0.6670473291364091,0.48303011712205307,-1.8909492979244193,0.11748732499958336,-1.0988360725218573,-2.5182911403104007,1.6528715372970222
31.80507620018229,-1.2654740040731314,1.7664233032538,3.5592832516650783,2.2049678164864317,-2.7843261167600564,0.7594401610804358,0.4396659154617728,-0.7201641175432876,3.599381564388916,-0.20273505535550354,-2.279097336232112,0.061220525285306415,2.2369553750875046,-1.0681216334423034,-0.8345020766782971,0.4508428920841392,-2.2792680044563474,-0.005371147079017424,-1.9177477956924065,-2.4053756597975404,1.719530634623512
31.99906113198002,-0.47912077735663017,1.8594351823343218,3.3905329863525386,2.016324988986224,-2.5560508840380547,0.26441923541351614,0.14670899272629928,-0.4752224459276704,3.230115986821405,-0.03665327942880725,-2.2011492982202734,-0.34565580993585326,2.237005252785055,-1.0795957219401648,-0.8913287781386292,0.1297337097117675,-2.1522299009263066,0.6474532137429377,-2.233516983287008,-2.3989653751005258,1.840053175950975
32.193046063777764,0.4400341908874288,1.782086615217417,3.0337592684050416,1.6058527070869957,-2.216722309036465,-0.15277725712488055,-0.31608150177851535,-0.03425812256800376,2.455453521107251,0.1853633750789918,-1.9113626261146683,-0.785739297465405,2.224626841040843,-1.010880284716335,-0.9030308818551738,-0.3092252184154842,-1.8149804669762344,1.6166745195638774,-2.3440569787388172,-2.435997999223132,1.982546332594637
32.38703099557549,1.3591891591314202,1.704738048100518,2.676985550457571,1.1953804251877975,-1.877393734034901,-0.5699737496632467,-0.778871996283296,0.40670620079163045,1.6807910553931538,0.40738002958677466,-1.6215759540090844,-1.2258227849949246,2.212248429296632,-0.9421648474925103,-0.9147329855717176,-0.7481841465427039,-1.477731033026187,2.585895825384746,-2.4545969741906184,-2.4730306233457364,2.1250394892382887
32.58101592737324,2.2783441273754796,1.6273894809836134,2.320211832510074,0.7849081432885692,-1.5380651590333114,-0.9871702422016433,-1.2416624907881106,0.8476705241512972,0.9061285896790001,0.6293966840945737,-1.3317892819034791,-1.6659062725244764,2.1998700175524197,-0.8734494102686805,-0.9264350892882621,-1.1871430746699556,-1.140481599076115,3.555117131205686,-2.5651369696424275,-2.5100632474683433,2.267532645881951
32.775000859170966,3.197499095619471,1.5500409138667144,1.963438114562603,0.374435861389371,-1.198736584031747,-1.4043667347400093,-1.7044529852928911,1.2886348475109313,0.13146612396490287,0.8514133386023566,-1.0420026097978952,-2.105989760053996,2.187491605808209,-0.8047339730448558,-0.9381371930048059,-1.6261020027971753,-0.8032321651260679,4.524338437026555,-2.6756769650942287,-2.547095871590947,2.4100258025256025
32.96898579096871,2.992707273292192,1.5757554647873897,1.8210547744453751,0.5257013424650381,-1.3605586215162533,-1.3799050458065854,-1.7784990937015355,1.263845409002285,-0.4566442997701104,0.9511952332751425,-1.0357024083553341,-2.198917439342211,1.6435330068910319,-0.67113105734337,-0.5105804054546877,-1.570451468837506,0.04605103744424999,4.537958361001097,-2.587809785619964,-1.981755300001669,1.98624576885316
33.16297072276645,2.2415524277704675,1.651570142531893,1.7828889791067588,0.9500337916535248,-1.76599554007041,-1.1407484075465635,-1.663572236646748,1.0126478918076347,-0.9540697030985896,0.9915574530281253,-1.1672081301517643,-2.12308882295754,0.8411673725425308,-0.50598561738191,0.1305050097945203,-1.2743657796966745,1.1442395442049857,4.087049835466934,-2.403494673889962,-1.1235944249413112,1.2871940454436988
33.35695565456418,1.4903975822487974,1.7273848202763906,1.7447231837681454,1.3743662408419803,-2.171432458624537,-0.9015917692865594,-1.5486453795919688,0.7614503746130027,-1.4514951064270323,1.031919672781105,-1.2987138519481847,-2.0472602065728744,0.03880173819408839,-0.34084017742046185,0.7715904250436815,-0.9782800905558645,2.2424280509656414,3.636141309932805,-2.2191795621599733,-0.2654335498810161,0.5881423220342887
33.550940586361925,0.7392427367270726,1.8031994980208936,1.706557388429529,1.798698690030467,-2.576869377178693,-0.6624351310265377,-1.4337185225371811,0.5102528574183524,-1.9489205097555116,1.0722818925340878,-1.4302195737446148,-1.9714315901882031,-0.7635638961544129,-0.17569473745900177,1.4126758402928896,-0.682194401415033,3.340616557726377,3.185232784398642,-2.0348644504299704,0.5927273251793417,-0.11090940137517258
33.744925518159654,-0.011912108794597032,1.8790141757653913,1.6683915930909157,2.2230311392189224,-2.98230629573282,-0.4232784927665336,-1.318791665482402,0.25905534022372034,-2.446345913083954,1.1126441122870678,-1.5617252955410352,-1.8956029738035376,-1.565929530502855,-0.010549297497553733,2.053761255542051,-0.38610871227422305,4.438805064487032,2.734324258864513,-1.8505493386999816,1.4508882002396368,-0.8099611247845826
33.9389104499574,0.014696784828984177,1.815165956077881,1.2044262917010884,2.0240668500730092,-2.8353151726589876,-0.5556198876620565,-1.182818060682089,0.24372395165333277,-2.342600644630049,0.9830703495384758,-1.221075717062602,-1.4569146120039655,-1.718078108576949,-0.048357594205369746,2.092029353019697,-0.47680551405299626,4.458088445751875,2.5420367987567483,-1.4175651175193194,1.4524619785000537,-1.1549835112187337
34.13289538175513,0.48737605825649005,1.6712169569808377,0.496252450076041,1.467623549235322,-2.371490319827936,-0.9010263309850151,-1.034773527027735,0.3636687250880385,-1.8940663144186058,0.7560333027081076,-0.6096311869559627,-0.8101155138635263,-1.4973080808465913,-0.20256582812056212,1.7845639888342386,-0.7893334503297722,3.8585880050411294,2.4980761261729616,-0.8419618482713984,0.9627578630075622,-1.29695966026996
34.32688031355287,0.9600553316840306,1.527267957883784,-0.2119213915490583,0.9111802483975939,-1.9076654669968505,-1.2464327743079988,-0.88672899337337,0.48361349852275304,-1.44553198420713,0.5289962558777229,0.001813343150721236,-0.16331641572303957,-1.2765380531162172,-0.3567740620357658,1.4770986246487574,-1.1018613866065712,3.25908756433034,2.4541154535891714,-0.2663585790234353,0.47305374751503493,-1.4389358093211968
34.5208652453506,1.4327346051115364,1.3833189587867407,-0.9200952331741055,0.3547369475599065,-1.4438406141657987,-1.5918392176309573,-0.7386844597190159,0.6035582719574588,-0.9969976539956868,0.30195920904735485,0.6132578732573601,0.48348268241739967,-1.0557680253858592,-0.5109822959509581,1.1696332604632984,-1.414389322883347,2.659587123619594,2.4101547810053847,0.30924469022448564,-0.01665036797745656,-1.5809119583724232
34.71485017714834,1.905413878539077,1.2393699596896872,-1.6282690747992048,-0.20170635327782138,-0.9800157613347134,-1.937245660953941,-0.5906399260646509,0.7235030453921734,-0.5484633237842109,0.07492216221697001,1.2247024033640441,1.1302817805578866,-0.8349979976554853,-0.6651905298661618,0.8621678962778172,-1.726917259160146,2.0600866829088043,2.366194108421595,0.8848479594724488,-0.5063544834699838,-1.72288810742366
34.90883510894607,1.628197918132859,1.2483431574143815,-1.6795506906420927,-0.36199248229638975,-0.445588052715131,-1.7123336840649035,-0.3119837674891126,0.8211307888349488,-0.061883750895179335,-0.03118467118058881,1.4071746644372178,1.3247091433997498,-1.0652409723384488,-0.5782840894414231,0.571046153114545,-1.5537194068887457,1.0628386432916632,1.905478212519346,1.051597906618702,-0.12048831941466498,-1.7741690575523588
35.102820040743815,0.8471460974946077,1.3600609561286776,-1.289482842287614,-0.25611051149900976,0.13627594963740775,-1.10423901859593,0.054427076580363054,0.9037642777519039,0.45025746941789196,-0.0560415174279901,1.3014311822535565,1.2151992465879091,-1.5985083080178673,-0.3293787271945432,0.29090528032553253,-1.0541745404365406,-0.20164606434077492,1.164754900949983,0.9436495279779207,0.8536516262118437,-1.7645141709049907
35.296804972541544,0.06609427685641345,1.4717787548429655,-0.8994149939331637,-0.1502285407016376,0.7181399519899039,-0.49614435312700134,0.42083792064981196,0.9863977666688529,0.9623986897309256,-0.08089836367538956,1.195687700069903,1.1056893497760767,-2.131775643697247,-0.08047336494768165,0.01076440753654051,-0.5546296739843719,-1.4661307719731205,0.4240315893806743,0.8357011493371472,1.8277915718382807,-1.7548592842576236
35.49078990433929,-0.7149575437818378,1.5834965535572614,-0.5093471455786849,-0.044346569904257616,1.3000039543424426,0.11195031234197206,0.7872487647192876,1.069031255585808,1.4745399100439969,-0.10575520992279085,1.089944217886242,0.996179452964236,-2.665042979376665,0.16843199729919822,-0.26937646525247194,-0.0550848075321666,-2.730615479605558,-0.3166917221886889,0.7277527706963658,2.8019315174647894,-1.7452043976102556
35.68477483613702,-1.4960093644200319,1.6952143522715493,-0.11927929722423447,0.0615354008931146,1.8818679566949386,0.7200449778109008,1.1536596087887365,1.151664744502757,1.9866811303570304,-0.13061205617019034,0.9842007357025884,0.8866695561524034,-3.1983103150560446,0.4173373595460599,-0.549517338041464,0.44446005892000184,-3.995100187237904,-1.0574150337579975,0.6198043920555925,3.7760714630912267,-1.7355495109628882
35.87875976793476,-1.82684622138241,1.7068349105307694,0.3237141357848863,-0.10185582989719862,1.596941272049087,0.718468445130312,0.9717330910500405,0.7299000732531533,1.9201776957025307,-0.3602636006966612,0.6967628158089821,0.7513189852403569,-2.84579375900452,0.6527098908273995,-0.5326672221822496,0.4476840062574887,-4.162608476649407,-1.1025892836706954,0.13539420054440643,3.9370998354258893,-1.3131275449037956
36.07274469973249,-1.8050146901320003,1.6400459637668467,0.8081659434401104,-0.4761777352645239,0.633028549254524,0.239316140565905,0.36027563989496125,-0.08697649012688657,1.4004026146567763,-0.7503376588750512,0.26699758637594173,0.5957265529498258,-1.799413154430458,0.8774817045190488,-0.2831741652152613,0.06212323362178285,-3.47081857178784,-0.6029167686190082,-0.6439110777152244,3.461190808681935,-0.5673713666388864
36.26672963153023,-1.783183158881589,1.5732570170029192,1.2926177510953702,-0.8504996406318766,-0.33088417354010957,-0.23983616399853736,-0.2511818112601629,-0.9038530535069862,0.8806275336109837,-1.14041171705347,-0.1627676430571302,0.4401341206592833,-0.7530325498563188,1.1022535182107145,-0.033681108248254654,-0.3234375390139512,-2.779028666926223,-0.1032442535672844,-1.4232163559749123,2.985281781937945,0.1783848116260771
36.46071456332796,-1.7613516276311794,1.5064680702389968,1.7770695587505945,-1.2248215459992018,-1.294796896334672,-0.7189884685629444,-0.8626392624152421,-1.7207296168870259,0.360852452565229,-1.5304857752318601,-0.5925328724901705,0.28454168836875227,0.2933480547177436,1.327025331902364,0.21581194871873366,-0.7089983116496572,-2.0872387620646564,0.3964282614844028,-2.202521634234543,2.509372755193991,0.9241409898909865
36.654699495125705,-1.739520096380768,1.4396791234750692,2.261521366405854,-1.5991434513665546,-2.2587096191293057,-1.1981407731273865,-1.4740967135703662,-2.5376061802671255,-0.1589226284805636,-1.920559833410279,-1.0222981019232424,0.12894925607820973,1.3397286592918833,1.5517971455940298,0.4653050056857402,-1.0945590842853912,-1.3954488572030397,0.8961007765361266,-2.981826912494231,2.0334637284500015,1.6698971681559498
36.848684426923434,-1.5262843649108813,1.2143301886397642,2.2039872980737245,-1.871586963727871,-2.5078665776686364,-1.3700408502058585,-1.8919531014058422,-2.757842404501789,-0.45224493161424134,-1.7678117814002305,-0.9301774285056554,0.09772106439068454,1.6668312766335336,1.629660682244736,0.2681368442325041,-1.3000122819628022,-0.8512049959851681,1.2323927925778615,-3.0444676628360687,1.7658683587978439,1.845988858829856
37.04266935872118,-1.138734093955362,0.8445784075251298,1.652858949824474,-2.051248368173009,-2.106085250904032,-1.2621219343953314,-2.1334942351466886,-2.4347097484432907,-0.5393334548637027,-1.1207078790399243,-0.36276780784903906,0.1797531632523372,1.3388771556027512,1.573732752304572,-0.33581206971064415,-1.341438938160332,-0.44133342451420954,1.4198918541641103,-2.4544317895384107,1.6879872125685766,1.503278962590476
37.23665429051892,-0.7511838229998427,0.47482662641049556,1.1017306015752237,-2.2309097726181473,-1.7043039241394273,-1.1542030185848045,-2.3750353688875343,-2.111577092384792,-0.6264219781131639,-0.47360397667961784,0.20464181280757732,0.2617852621139899,1.0109230345719689,1.5178048223644083,-0.9397609836537923,-1.382865594357862,-0.03146185304325089,1.6073909157503592,-1.8643959162407526,1.6101060663393092,1.1605690663510961
37.43063922231665,-0.3636335520443519,0.10507484529588851,0.5506022533260138,-2.410571177063272,-1.3025225973748524,-1.0462841027742853,-2.616576502628363,-1.7884444363263174,-0.7135105013626187,0.1734999256806411,0.7720514334641522,0.3438173609756365,0.6829689135412105,1.4618768924242487,-1.5437098975968966,-1.424292250555389,0.37840971842767757,1.7948899773365943,-1.2743600429431376,1.5322249201100475,0.8178591701117413
37.62462415411439,0.023916718911167534,-0.26467693581874574,-0.0005260949232366308,-2.59023258150841,-0.9007412706102478,-0.9383651869637581,-2.858117636369209,-1.4653117802678188,-0.80059902461208,0.8206038280409476,1.3394610541207683,0.42584945983728917,0.3550147925104281,1.4059489624840849,-2.147658811540045,-1.4657189067529188,0.7882812898986362,1.9823890389228431,-0.6843241696454796,1.4543437738807803,0.4751492738723615
37.81860908591212,0.17586853431195615,-0.3441561156942581,-0.11907047812925389,-2.426150365931315,-0.8973631929599292,-0.8844505723199508,-2.6680919307945827,-1.2628212629753495,-0.7022968881205413,1.39975828850203,1.3033360576806565,0.2795875664102342,0.22523861490397376,1.3294157382508598,-2.3265307803322077,-1.2874634038097117,0.909533783434052,1.9575936931404863,-0.32992441816763435,1.4280305837655998,0.09789813742566822
38.012594017709866,0.07862967556836359,-0.11661619810535401,0.21992587092193616,-1.8984931676384034,-1.3153731672573747,-0.8876558916024685,-2.0216012990209107,-1.1879330078392147,-0.40790847690294757,1.907043146954412,0.6288571393113649,-0.10813912655295449,0.3050737236116748,1.2310884527461177,-2.0558021340608956,-0.876851771006103,0.7255160983838431,1.708256185718274,-0.2247551801529766,1.4562604241556945,-0.31588700308650597
38.206578949507595,-0.018609183175221866,0.11092371948353347,0.5589222199731013,-1.3708359693455303,-1.7333831415547896,-0.8908612108849859,-1.3751106672472857,-1.1130447527030856,-0.11352006568537543,2.4143280054067566,-0.045621779057877454,-0.4958658195161147,0.38490883231937,1.1327611672413826,-1.7850734877896035,-0.4662401382025243,0.5414984133336476,1.4589186782960804,-0.11958594213832657,1.4844902645457871,-0.72967214359865
38.40056388130534,-0.11584804191881443,0.3384636370724375,0.8979185690242912,-0.8431787710526188,-2.151393115852235,-0.8940665301675036,-0.7286200354736136,-1.038156497566951,0.18086834553221842,2.9216128638591385,-0.7201006974271693,-0.8835925124793031,0.464743941027071,1.0344338817366405,-1.5143448415182919,-0.05562850539891562,0.3574807282834387,1.2095811708738682,-0.0144167041236688,1.512720104935882,-1.1434572841108241
38.59454881310307,-0.21308690066239988,0.5660035546613249,1.2369149180754564,-0.3155215727597458,-2.56940309014965,-0.897271849450021,-0.08212940369998867,-0.9632682424308218,0.4752567567497905,3.428897722311483,-1.3945796157964114,-1.2713192054424634,0.5445790497347662,0.9361065962319057,-1.2436161952469997,0.35498312740466287,0.17346304323324313,0.9602436634516742,0.09075253389098126,1.5409499453259747,-1.5572424246229681
38.78853374490081,-0.556792143048077,0.5762212332856437,1.0064525984656103,-0.18938654521221293,-2.745086416463904,-1.0180902870333943,0.24347202383078487,-0.814049270798853,0.5259144371427259,3.5591885273885615,-1.8836280888219512,-1.1922957746792322,0.8334359315419282,0.6746437078504228,-0.6109391853406754,0.7791790351796934,0.05510182598526234,0.8925827800232327,0.10938488317442667,1.556861547901812,-1.570972931628321
38.98251867669854,-1.2034456486604508,0.3193136598493318,0.07603066529327385,-0.5567891858725388,-2.6229099046321465,-1.2834748491948906,0.17464713781298133,-0.5734654601407679,0.27698642756368874,3.2260908085251634,-2.1447516394457646,-0.5395586501689623,1.3792154094504836,0.212659974266303,0.46663268820029513,1.220072280940398,0.017443350410860294,1.048232746920467,0.021648973392424775,1.5576319831642902,-1.0929696182815503
39.17650360849628,-1.850099154272872,0.06240608641300105,-0.8543912678791308,-0.9241918265328916,-2.5007333928003797,-1.5488594113564063,0.10582225179517274,-0.3328816494826652,0.028058417984633266,2.8929930896617413,-2.4058751900695974,0.11317847434135553,1.924994887359079,-0.24932375931785056,1.5442045617413447,1.6609655267011352,-0.02021512516354451,1.203882713817713,-0.06608693638958354,1.5584024184267686,-0.6149663049347445
39.37048854029401,-2.496752659885246,-0.19450148702331094,-1.7848132010514675,-1.2915944671932174,-2.3785568809686217,-1.8142439735179026,0.0369973657773692,-0.09229783882458009,-0.2208695915944039,2.559895370798343,-2.6669987406934106,0.7659155988516253,2.4707743652676344,-0.7113074929019703,2.6217764352823147,2.10185877246184,-0.05787360073794655,1.3595326807149475,-0.15382284617158543,1.5591728536892469,-0.13696299158797354
39.564473472091755,-3.143406165497667,-0.4514090604596417,-2.715235134223872,-1.6589971078535701,-2.256380369136855,-2.0796285356794177,-0.03182752024043939,0.14828597183352255,-0.4697976011734595,2.2267976519349215,-2.9281222913172433,1.418652723361943,3.0165538431762298,-1.173291226486124,3.699348308823364,2.542752018222577,-0.09553207631235135,1.5151826476121935,-0.24155875595359377,1.5599432889517253,0.3410403217588325
39.758458403889485,-3.448030549652722,-0.5364987193321694,-3.092336912544406,-1.7767541213911406,-1.9160992320702992,-1.9878975517895752,-0.07685419111227501,0.2851914100501002,-0.4925300077516203,1.6283885751451757,-3.0251612517298483,1.5926969513601184,3.269172464098249,-1.413412789909207,3.9470948540434536,2.548265788019919,-0.01780786106781064,1.7697293271823809,-0.34447920808986754,1.6755827446373144,0.5592811740174585
39.95244333568723,-3.2629314189939143,-0.37557636417019524,-2.6771848327817067,-1.5370639870029583,-1.2635319270538952,-1.3848420360534925,-0.08780614484329642,0.27364826954362087,-0.19139143730580233,0.6501018722335719,-2.887260912521868,1.0813399866250828,3.102038039789566,-1.3358680642380982,3.006682406440487,1.9303953081424505,0.225123388758403,2.165878118079769,-0.4691411640515834,1.9556937522923654,0.40558941153625816
40.14642826748496,-3.0778322883351197,-0.2146540090082329,-2.262032753019038,-1.2973738526147938,-0.6109646220375391,-0.7817865203174541,-0.09875809857431704,0.2621051290371424,0.10974713313999362,-0.32818483067796045,-2.749360573313897,0.5699830218900848,2.934903615480896,-1.2583233385669952,2.0662699588375895,1.312524828265027,0.46805463858459884,2.5620269089771277,-0.5938031200132902,2.235804759947396,0.25189764905506906
40.3404131992827,-2.892733157676312,-0.053731653846258776,-1.8468806732563385,-1.0576837182266114,0.04160268297886516,-0.17873100458137126,-0.10971005230533845,0.2505619885306631,0.41088570358581156,-1.3064715335895642,-2.6114602341059165,0.058626057155049205,2.7677691911722135,-1.1807786128958866,1.125857511234623,0.6946543483875582,0.7109858884108126,2.958175699874516,-0.7184650759750061,2.515915767602447,0.09820588657386875
40.53439813108043,-2.707634027017517,0.10719070131570363,-1.4317285934936699,-0.8179935838384467,0.6941699879952212,0.42432451115466696,-0.12066200603635907,0.23901884802418458,0.7120242740316074,-2.284758236501096,-2.4735598948979463,-0.4527309075799488,2.600634766863543,-1.1032338872247835,0.1854450636317253,0.07678386851013475,0.9539171382370084,3.354324490771875,-0.8431270319367128,2.7960267752574777,-0.05548587590732024
40.72838306287817,-2.431609976933041,0.4278109230944329,-1.0494063008915284,-0.44187503046803456,0.8639511179614355,0.7990806179055477,-0.08021511131956269,0.32860900497613543,0.637075777841187,-2.837296804382097,-1.9858255063447934,-0.8447922124269949,2.1357349646113546,-1.2762333114868212,-0.36884361477862454,-0.3484759600573881,1.2216195774874583,3.6817249172472564,-0.8188175355569765,2.8580841049413723,-0.07952693101979298
40.9223679946759,-2.0032866868105943,1.015925071456196,-0.7220739017833473,0.1627611246975783,0.2250654047185937,0.7914352146061987,0.04632485454732305,0.5875974351709453,-0.06781855496490907,-2.6767072460868198,-0.9121190851385301,-1.0370332869616359,1.1720781543038428,-1.8688941868868545,-0.2763749797913192,-0.45111294768073,1.5308137590234827,3.8939718333157556,-0.5449808565053165,2.5549015240235864,0.11359694871034848
41.116352926473645,-1.5749633966881167,1.604039219818002,-0.3947415026751422,0.7673972798632356,-0.41382030852429486,0.783789811306849,0.17286482041421802,0.8465858653657742,-0.7727128877710567,-2.51611768779153,0.16158733606781173,-1.2292743614962909,0.20842134399626078,-2.461555062286931,-0.18390634480400714,-0.5537499353040795,1.8400079405595298,4.10621874938427,-0.2711441774536365,2.251718943105778,0.3067208284405041
41.31033785827139,-1.1466401065656389,2.192153368179808,-0.06740910356693708,1.372033435028893,-1.0527060217671833,0.7761444080074994,0.29940478628111306,1.105574295560603,-1.4776072205772044,-2.355528129496241,1.2352937572741536,-1.4215154360309459,-0.7552354663113219,-3.0542159376870073,-0.09143770981669508,-0.6563869229274288,2.149202122095577,4.318465665452785,0.002692501598043462,1.9485363621879699,0.4998447081706596
41.50432279006912,-0.7183168164431926,2.780267516541571,0.25992329554124405,1.9766695901945055,-1.6915917350100251,0.7684990047081504,0.4259447521479987,1.364562725755413,-2.1825015533833003,-2.194938571200963,2.3090001784804164,-1.6137565105655867,-1.718892276618833,-3.6468768130870406,0.0010309251706102085,-0.7590239105507708,2.458396303631601,4.530712581521285,0.27652918064970333,1.6453537812701837,0.6929685879008011
41.69830772186686,-0.37028086605672933,2.822532694061045,0.3666479185029944,2.123862563789639,-2.0718229980327156,0.6767311108355529,0.41090018685097457,1.387512112813874,-2.399073259286377,-2.243038831703754,2.9679225521759935,-1.508338966926947,-2.2625234556109555,-3.7634470762480765,0.008159067523219432,-0.9813768975367732,2.438956694169455,4.303554100981411,0.4683378409587396,1.4957983394279604,0.7828121563499142
41.89229265366459,-0.18058939126073403,1.7882624013083492,0.038284982953758206,1.3688759292875141,-1.9419302064545323,0.4190549716657564,0.11661946286961011,0.944940053686811,-1.6525642287974578,-2.702721790391564,2.808798609947674,-0.8158724818910985,-1.977770750619932,-2.941060854160069,-0.15302320615369186,-1.439836438821279,1.7713782191276661,3.2097905326862906,0.49836901985869064,1.6492297552069815,0.6689639997725603
42.086277585462334,0.00910208353527514,0.7539921085555772,-0.29007795259550206,0.6138892947853343,-1.8120374148763392,0.16137883249594098,-0.17766126111177594,0.5023679945597155,-0.9060551983084841,-3.162404749079408,2.6496746677193426,-0.12340599685519948,-1.6930180456288877,-2.118674632072002,-0.314205479830615,-1.8982959801058183,1.1037997440858283,2.1160269643910903,0.5284001987586439,1.8026611709860136,0.555115843195198
42.28026251726006,0.1987935583312705,-0.2802781841971185,-0.6184408881447383,-0.14109733971679006,-1.6821446232981554,-0.09629730667385561,-0.47194198509314045,0.05979593543265249,-0.1595461678195651,-3.622087707767218,2.490550725491023,0.5690604881806491,-1.408265340637864,-1.2962884099839944,-0.47538775350752627,-2.3567555213903244,0.4362212690440397,1.02226339609597,0.5584313776585949,1.9560925867650347,0.44126768661784405
42.474247449057806,0.3884850331272796,-1.3145484769498905,-0.9468038236939984,-0.8960839742189699,-1.5522518317199623,-0.35397344584367096,-0.7662227090745266,-0.3827761236944429,0.5869628626694086,-4.0817706664550615,2.3314267832626916,1.2615269732165482,-1.1235126356468197,-0.4739021878959271,-0.6365700271844494,-2.8152150626748638,-0.23135720599779797,-0.07150017219923033,0.5884625565585482,2.1095240025440667,0.3274195300404818
42.668232380855535,0.4649860639961527,-1.873998517671669,-1.213651949045601,-1.3207016342867521,-1.383716213459889,-0.5137436678546747,-1.125788278836231,-0.699720152012712,1.215790775578604,-4.241995261197667,2.228329306851953,1.6728176484523936,-0.7939921864110009,0.022837651433900943,-0.7238402294758801,-2.9378333091736293,-0.6931490697975738,-0.7986313010633413,0.4341182237653832,2.0999495478862116,0.12472400611099972
42.86221731265328,0.2761969919107444,-1.3205885926956284,-1.3363247379964682,-0.9710170105237994,-1.1246114701640912,-0.44404689652468754,-1.6383652058956888,-0.722223483122788,1.5688035691602686,-3.7003643154434593,2.256543859701209,1.4251025194692761,-0.35954733660138116,-0.2436562188259902,-0.6378790144575349,-2.2733235210180442,-0.6726285634987434,-0.6664676500107704,-0.15235621455868786,1.708330084391791,-0.286207535050122
43.05620224445101,0.08740791982534996,-0.7671786677196284,-1.4589975269473263,-0.6213323867608721,-0.8655067268683125,-0.37435012519470545,-2.1509421329551093,-0.7447268142328621,1.9218163627419076,-3.1587333696892914,2.2847584125504627,1.1773873904861767,0.0748975132082067,-0.5101500890858619,-0.5519177994391959,-1.6088137328625083,-0.6521080571999145,-0.534303998958209,-0.738830652882716,1.316710620897399,-0.6971390762112136
43.25018717624875,-0.10138115226005828,-0.21376874274358793,-1.5816703158981933,-0.27164776299791926,-0.606401983572515,-0.30465335386471826,-2.663519060014567,-0.7672301453429381,2.2748291563235723,-2.6171024239350835,2.3129729653997186,0.9296722615030594,0.5093423630178264,-0.776643959345753,-0.4659565844208508,-0.9443039447069235,-0.6315875509010841,-0.402140347905638,-1.3253050912067872,0.9250911574029785,-1.1080706173723354
43.44417210804648,-0.2901702243454528,0.33964118223241213,-1.7043431048490514,0.07803686076500793,-0.34729724027673625,-0.2349565825347361,-3.1760959870739875,-0.7897334764530124,2.6278419499052115,-2.0754714781809156,2.3411875182489723,0.68195713251996,0.9437872128274143,-1.0431378296056246,-0.37999536940251194,-0.2797941565513873,-0.6110670446022551,-0.2699766968530767,-1.9117795295308153,0.5334716939085866,-1.5190021585334268
43.638157039844224,-0.4195552545708494,0.6288812346272643,-1.6299256829472317,0.3715566656032169,-0.2540969879596273,-0.13704980445372547,-3.3373050318135817,-0.7624233200565557,2.76616817016106,-1.5892755650467678,2.4052665914808,0.449696676684664,1.2703373664385313,-1.0658931376098022,-0.28288273997121005,0.3149397266762606,-0.48981735458621634,-0.0415361448154809,-2.2312037271338614,0.2463911851118137,-1.6316741673977326
43.83214197164195,-0.381336023834067,0.17278486081091293,-0.9994323089967848,0.5066114456180251,-0.6289844066180947,0.040449492674805604,-2.5071546942935865,-0.594567966766675,2.2987715585333675,-1.2594856368049623,2.57053484722059,0.2610404772307367,1.2924703414895753,-0.40095750210681147,-0.15430719130336015,0.7128058781429076,-0.08436746765378733,0.458542806429837,-1.797164745559734,0.25425986992627186,-0.9028282101389016
44.026126903439696,-0.3431167930972818,-0.28331151300547175,-0.36893893504629194,0.641666225632843,-1.0038718252765897,0.2179487898033497,-1.67700435677353,-0.4267126134767821,1.8313749469056408,-0.9296957085631324,2.735803102960392,0.07238427777679557,1.3146033165406208,0.2639781333962281,-0.025731642635500818,1.1106720296095838,0.3210824192786713,0.9586217576751916,-1.3631257639855745,0.2621285547407306,-0.173982252880017
44.220111835237425,-0.3048975623604994,-0.7394078868218232,0.26155443890415464,0.7767210056476512,-1.3787592439350573,0.39544808693188077,-0.8468540192535343,-0.25885726018690136,1.3639783352779487,-0.5999057803213268,2.9010713587001815,-0.11627192167713174,1.3367362915916647,0.9289137688992191,0.10284390603234911,1.5085381810762306,0.7265323062111002,1.4587007089205095,-0.929086782411447,0.26999723955518873,0.554863704378814
44.41409676703517,-0.26667833162371424,-1.195504260638208,0.8920478128546478,0.9117757856624693,-1.7536466625935523,0.5729473840604249,-0.01670368173347825,-0.09100190689700838,0.8965817236502218,-0.27011585207949684,3.0663396144399835,-0.3049281211310728,1.3588692666427102,1.5938494044022584,0.23141945470020847,1.9064043325429068,1.131982193143559,1.958779660165864,-0.4950478008372876,0.27786592436964747,1.2837096616376988
44.6080816988329,-0.265675191865998,-1.369282639535355,1.2437938122227585,1.1130382554650382,-1.9006418195416843,0.6424706658980948,0.5786439540877266,0.05289634926061249,0.4323224652012715,-0.08963832082934128,3.2085584820090927,-0.46862876791237185,1.2101426359010574,1.9950619624143364,0.436021499653678,2.069530022166457,1.3573177285451088,2.165189220644354,-0.04636164374499194,0.2533702657373189,1.9213250017342962
44.80206663063064,-0.3933777000775809,-0.5667112860033802,0.6315384744934325,1.543268985783679,-1.2595095714080742,0.3385768948547909,0.36196557986714134,0.11394297783582694,-0.021086780171227226,-0.42553282917541174,3.2710648821545885,-0.5460247950341575,0.4705265351261839,1.4842322107701653,0.903548510928323,1.4208449479157925,0.9597577982355793,1.3559921380540199,0.4529793286810127,0.11694791935149257,2.243434457478144
44.99605156242837,-0.5210802082891544,0.2358600675285356,0.019283136764151276,1.973499716102288,-0.6183773232745109,0.0346831238115094,0.14528720564657194,0.17498960641103692,-0.4744960255436925,-0.7614273375214576,3.33357128230008,-0.6234208221559374,-0.2690895656486354,0.973402459126032,1.3710755222029338,0.7721598736651758,0.5621978679260788,0.5467950554637446,0.9523203011069805,-0.019474427034323782,2.5655439132219677
45.19003649422611,-0.6487827165007373,1.0384314210605106,-0.5929722009651748,2.403730446420929,0.022754924859099468,-0.26921064723179433,-0.0713911685740134,0.23603623498625137,-0.9279052709161912,-1.0973218458675282,3.3960776824455756,-0.7008168492777229,-1.0087056664235088,0.4625727074818611,1.8386025334775788,0.12347479941451178,0.1646379376165492,-0.2624020271265901,1.4516612735329852,-0.15589677342015007,2.8876533689658155
45.38402142602386,-0.7764852247123202,1.8410027745924848,-1.2052275386945008,2.83396117673957,0.6638871729927094,-0.5731044182750982,-0.28806954279459873,0.29708286356146585,-1.38131451628869,-1.4332163542135987,3.4585840825910714,-0.7782128763995085,-1.7483217671983824,-0.0482570441623098,2.306129544752224,-0.5252102748361529,-0.23292199269298042,-1.0715991097169244,1.95100224595899,-0.29231911980597647,3.209762824709663
45.578006357821586,-0.7927100947040344,2.464091732683341,-1.6617530159693699,3.0178609805558283,1.106460980448961,-0.8574573141082101,-0.5461192510344772,0.22648789909199904,-1.6720221327939142,-1.7345807665133082,3.347723276141843,-0.8042909902190452,-2.2347220454454853,-0.37887152421231096,2.5237249903422327,-1.0690844848558503,-0.4562469435534353,-1.7206450406607094,2.3532322519121895,-0.44860373871445913,3.4121990566572142
45.77199128961933,-0.3240072384393544,2.3064322706056157,-1.4408536002675683,2.130221254086859,0.6853055709589229,-1.0568074027771044,-0.9841342622583729,-0.4167479951218266,-1.2549776637266492,-1.8857392610114727,2.4827151210055614,-0.6071361811738213,-1.6196334956970404,0.07445042717215267,1.6541181252042194,-1.1570314354710798,0.07835026618945418,-1.6730334619422993,2.33302955370887,-0.6912892430965537,3.094056765090987
45.96597622141706,0.14469561782529117,2.148772808527902,-1.2199541845657826,1.242581527617954,0.26415016146891557,-1.256157491445984,-1.4221492734822365,-1.059983889335605,-0.8379331946594147,-2.036897755509626,1.617706965869343,-0.40998137212861196,-1.0045449459486404,0.5277723785565831,0.78451126006627,-1.244978386086303,0.6129474759323044,-1.6254218832238927,2.3128268555055524,-0.9339747474786304,2.775914473524783
46.1599611532148,0.6133984740899714,1.991113346450177,-0.999054768863981,0.3549418011489842,-0.1570052480211226,-1.4555075801148782,-1.8601642847061324,-1.7032197835494305,-0.4208887255921496,-2.188056250007791,0.7526988107330617,-0.2128265630833882,-0.38945639620019556,0.9810943299410468,-0.08509560507174285,-1.3329253367015328,1.1475446856751939,-1.5778103045054825,2.292624157302233,-1.176660251860725,2.457772181958556
46.35394608501253,1.082101330354617,1.8334538843724633,-0.7781553531621955,-0.5326979253199204,-0.5781606575111298,-1.654857668783758,-2.298179295929996,-2.3464556777632093,-0.0038442565249152683,-2.339214744505944,-0.11230934440315687,-0.015671754038178887,0.22563215354820443,1.4344162813254773,-0.9547024702096922,-1.4208722873167559,1.6821418954180443,-1.530198725787076,2.272421459098915,-1.4193457562428018,2.139629890392353
46.547931016810274,1.385035747278577,1.6320077010563288,-0.5766798783100567,-1.218530452760103,-0.9298930938920623,-1.7778235943728673,-2.6747060034403334,-2.8534955522788383,0.32895228725638065,-2.378684593264358,-0.8297895469559314,0.09807400836682276,0.676998008602387,1.796461082787588,-1.632636362634903,-1.463738078089053,2.100356684987302,-1.4551663838865947,2.1595230133502277,-1.521375834167752,1.8880668690562954
46.741915948608,0.7451621654524799,1.181524540696838,-0.48567806704035477,-0.7565845357243859,-0.8867823707150619,-1.4663545924458343,-2.701517983579896,-2.585920564761193,0.1825887559738607,-1.782925269378142,-0.7082045191902349,-0.2625691819942917,0.19719103758322565,1.6393670940664609,-1.220430222756356,-1.2502047722547514,1.8566464598192205,-1.2241784513881395,1.5194175034374413,-0.8234281741179484,2.015173447154223
46.93590088040575,0.10528858362633597,0.7310413803373141,-0.39467625577064613,-0.2946386186886347,-0.8436716475380582,-1.1548855905187785,-2.7283299637194602,-2.3183455772435284,0.03622522469133005,-1.1871659454918828,-0.5866194914245293,-0.6232123723554326,-0.2826159334359708,1.482273105345322,-0.8082240828777789,-1.0366714664204344,1.6129362346511207,-0.9931905188896675,0.8793119935246079,-0.1254805140680939,2.14228002525216
47.129885812203476,-0.5345849981997608,0.2805582199778234,-0.30367444450094416,0.1673072983470827,-0.8005609243610579,-0.8434165885917457,-2.7551419438590226,-2.050770589725883,-0.1101383065911899,-0.591406621605667,-0.46503446365883266,-0.9838555627165471,-0.7624229044551323,1.3251791166241946,-0.3960179429992321,-0.8231381605861328,1.369226009483039,-0.7622025863912123,0.2392064836118215,0.5724671459817097,2.269386603350087
47.32387074400122,-1.1744585800259046,-0.16992494038170047,-0.21267263323123553,0.6292532153828336,-0.7574502011840542,-0.5319475866646899,-2.781953923998587,-1.7831956022082187,-0.25650183787372055,0.004352702280592258,-0.34344943589312704,-1.344498753077688,-1.2422298754743286,1.168085127903056,0.01618819687934514,-0.6096048547518157,1.1255157843149393,-0.5312146538927403,-0.40089902630101193,1.270414806031564,2.396493181448024
47.51785567579895,-1.7281370087766523,-0.5695740593828418,-0.1538758544676275,1.0187601767798171,-0.7365003659464149,-0.2862794572325048,-2.798749080615476,-1.5608570288196424,-0.37267540281911377,0.4984787189451927,-0.22702278970895742,-1.5478589348979155,-1.591933035452431,1.0365212200302882,0.37597711646929605,-0.38336038224551083,0.8667355162093645,-0.3045041550621471,-0.928741509595938,1.8032316765670453,2.4920038402854527
47.71184060759669,-1.599437142347326,-0.5667870176302595,-0.35003558304402477,0.8347920727032963,-0.8909908935621182,-0.5615349017180482,-2.7362443843445052,-1.6966400672863158,-0.249845067595502,0.18800772010506117,-0.15143333104521747,-0.5060619657689844,-0.9116476913551094,1.107070452207103,0.3207963754410594,-0.05648584025245751,0.4886507415152394,-0.11165667276879043,-0.5678350321658309,1.0287631301136728,2.337380138310507
47.90582553939442,-1.4707372759180086,-0.5639999758776774,-0.5461953116204077,0.6508239686267887,-1.0454814211778103,-0.8367903462035715,-2.6737396880735393,-1.8324231057529794,-0.12701473237189925,-0.12246327873504759,-0.07584387238148307,0.5357350033598705,-0.23136234725783744,1.1776196843839126,0.2656156344128267,0.2703887017405719,0.11056596682114206,0.0811908095245521,-0.20692855473575,0.25429458366035673,2.1827564363355725
48.099810471192164,-1.342037409488682,-0.5612129341250951,-0.7423550401968049,0.46685586455026773,-1.1999719487935137,-1.1120457906891148,-2.611234991802568,-1.9682061442196528,-0.004184397148287555,-0.4329342775751791,-0.0002544137177431516,1.5775319724888015,0.44892299683948433,1.2481689165607275,0.21043489338459004,0.5972632437336252,-0.267518807872983,0.2740382918179088,0.15397792269435717,-0.520173962793016,2.028132734360627
48.29379540298989,-1.2133375430593651,-0.5584258923725129,-0.9385147687731878,0.2828877604737603,-1.3544624764092057,-1.3873012351746383,-2.5487302955316022,-2.103989182686316,0.11864593807531526,-0.7434052764152879,0.07533504494599128,2.619328941617656,1.1292083409367564,1.318718148737537,0.1552541523563574,0.9241377857266546,-0.6456035825670804,0.4668857741112514,0.5148844001244379,-1.294642509246332,1.8735090323856927
48.48778033478764,-1.0828720693906737,-0.5538788008778347,-1.117062990873333,0.0907945940633871,-1.435353508022145,-1.5895614668256937,-2.4363148345133365,-2.2152092138336403,0.22662517337166524,-1.0653854663827649,0.13446945596161475,3.542170178248842,1.7637734660854587,1.3551459648613582,0.06947002573723221,1.2369870190717738,-1.0070609208161845,0.6452571106089732,0.8495193786214146,-1.9817491906085127,1.6747155311156288
48.681765266585366,-0.9305572061348547,-0.5275510938247202,-1.077668820329855,-0.20184621872838932,-0.6054507766009117,-0.8885059396499859,-1.7062536597473323,-2.0224620294040188,0.15082204706815094,-1.529791896551112,-0.010027347668198489,2.992934225220426,1.8325508817449767,0.9693212573293991,-0.3950309975691152,1.3762730578986915,-1.1627537330581383,0.6444861428857072,0.8590445578208877,-1.5877527914671905,0.9293207635685158
48.87575019838311,-0.7782423428790246,-0.5012233867716037,-1.038274649786374,-0.49448703152018725,0.22445195482038227,-0.1874504124742269,-0.9761924849812746,-1.829714844974383,0.0750189207646311,-1.9941983267194932,-0.15452415129802233,2.443698272191969,1.9013282974044998,0.5834965497974117,-0.8595320208754966,1.5155590967256196,-1.3184465453001035,0.643715175162441,0.8685697370203617,-1.1937563923258394,0.18392599602134818
49.06973513018084,-0.6259274796232056,-0.4748956797184891,-0.9988804792428958,-0.7871278443119636,1.0543546862416155,0.5136051147014811,-0.24613131021527046,-1.6369676605447614,-0.0007842055388832259,-2.45860475688784,-0.2990209549278356,1.8944623191635528,1.9701057130640178,0.19767184226545265,-1.324033044181844,1.6548451355525375,-1.4741393575420572,0.6429442074391749,0.8780949162198348,-0.7997599931845174,-0.5614687715257647
49.26372006197858,-0.4736126163673754,-0.4485679726653726,-0.9594863086994149,-1.0797686571037615,1.8842574176629094,1.2146606418772403,0.48392986455078724,-1.4442204761151256,-0.07658733184240304,-2.9230111870562214,-0.44351775855765946,1.3452263661350963,2.038883128723541,-0.18815286526653474,-1.7885340674882255,1.7941311743794657,-1.6298321697840223,0.6421732397159088,0.8876200954193088,-0.4057635940431663,-1.3068635390729324
49.457704993776325,-0.32129772966778886,-0.4097874509049567,-0.9001333430436864,-1.3561642879900058,2.6640387106693555,1.8924012047019239,1.191771927260296,-1.2558535284367889,-0.13630243743282983,-3.361313312969305,-0.5694814112058025,0.8126407947964887,2.10640530373922,-0.5543919406927974,-2.2043732552890787,1.9056219913079033,-1.7639280068852086,0.6312350563304,0.8939608043553849,-0.0331888064044094,-1.9822535152116405
49.651689925574054,-0.16898223929148654,-0.05034695043192272,-0.32684140324813726,-1.2142464848086651,2.153192964494781,1.969781435487001,1.3274718545142266,-1.1802776771042918,0.2182489903384548,-3.127429604309167,-0.21821642607616354,0.7088025519710746,2.1416050321759452,-0.41630098939716037,-1.3671701788238777,1.3013858443509667,-1.3419017341119237,0.3584910696424225,0.8183014040090599,-0.21222051495689626,-0.8550201125843846
49.8456748573718,-0.016666748915173057,0.30909355004113764,0.24645053654745375,-1.0723286816273143,1.6423472183201695,2.0471616662720833,1.463171781768167,-1.104701825771789,0.5728004181097653,-2.8935458956490114,0.13304855905350121,0.6049643091456529,2.1768047606126735,-0.2782100381015132,-0.5299671023586157,0.6971496973939861,-0.919875461338608,0.08574708295442501,0.7426420036627294,-0.39125222350939626,0.2722132900429539
50.03965978916953,0.13564874146112926,0.6685340505141715,0.8197424763430029,-0.9304108784459739,1.1315014721455952,2.1245418970571603,1.5988717090220974,-1.0291259744392918,0.9273518458810499,-2.6596621869888732,0.4843135441831401,0.5011260663202388,2.2120044890493986,-0.14011908680587615,0.3072359741065851,0.09291355043704952,-0.4978491885653231,-0.1869969037335525,0.6669826033164044,-0.5702839320618832,1.3994466926702098
50.23364472096727,0.2879642318374428,1.027974550987232,1.393034416138594,-0.788493075264623,0.6206557259709835,2.2019221278422427,1.734571636276038,-0.9535501231067891,1.2819032736523606,-2.4257784783287173,0.8355785293128049,0.39728782349481717,2.2472042174861264,-0.0020281355102289567,1.1444390505718474,-0.5113225965199311,-0.07582291579200717,-0.4597408904215501,0.5913232029700738,-0.7493156406143832,2.5266800952975483
50.427629652765,0.4402797222137451,1.387415051460266,1.966326355934143,-0.6465752720832825,0.1098099797964096,2.27930235862732,1.8702715635299685,-0.877974271774292,1.636454701423645,-2.191894769668579,1.1868435144424438,0.2934495806694031,2.282403945922852,0.136062815785408,1.9816421270370483,-1.1155587434768677,0.3462033569812774,-0.7324848771095276,0.5156638026237488,-0.92834734916687,3.6539134979248047
