vlsr,spec_nearest,spec_0,spec_1,spec_2,spec_3,spec_4,spec_5,spec_6,spec_7,spec_8,spec_9,spec_10,spec_11,spec_12,spec_13,spec_14,spec_15,spec_16,spec_17,spec_18,spec_19
49.94093054783,-0.9101962447166443,0.2588544189929962,-0.4826588034629822,0.9926608204841614,-0.5561811327934265,1.4199843406677246,-1.5659021139144897,0.6233978867530823,0.6645496487617493,-0.9534721374511719,0.05190182104706764,1.6503862142562866,1.3121578693389893,-0.33328789472579956,0.37717586755752563,1.3088014125823975,-0.3998248875141144,1.6597775220870972,-1.4789124727249146,1.2275123596191406,0.9665659666061401
48.96376367875,-0.6331737041473393,-0.21339595317840584,-0.33054497838020824,2.4720368385315026,-0.6947625279426619,1.445549368858324,0.1568693071603705,-0.21478842198848191,1.7044123411178553,0.29090872406960283,-0.38929501175880094,4.151196956634524,-0.8489006161689684,-0.8985725641250542,-0.39712744951247647,-0.5665385723113948,-0.45959854125976435,1.9888957738876414,0.7428293228149576,0.9437394738197404,2.1330051422119034
47.986596809670004,0.0376279316842556,0.7837495803833008,2.077472686767578,1.3013675212860107,0.7132614254951477,-0.442768931388855,-0.1696183681488037,0.8102026581764221,1.52373468875885,1.2774394750595093,-0.506891667842865,0.18365126848220825,0.3988235890865326,0.3978783190250397,1.0933053493499756,0.038913700729608536,0.9361301064491272,0.6621644496917725,0.5354346036911011,1.636915922164917,1.0429327487945557
47.00942994059,1.4511502981185913,0.29765647649765015,2.2616820335388184,-1.0745736360549927,1.9343184232711792,-1.0478012561798096,0.09414131194353104,0.2946529984474182,0.8624951243400574,1.4209142923355103,-1.3456101417541504,1.0533857345581055,0.587274432182312,0.6998285055160522,0.9445921182632446,0.40415728092193604,-0.411035418510437,0.672055184841156,2.23886775970459,2.1781909465789795,1.5146517753601074
46.03226307151,0.3433084189891815,0.885162889957428,-0.6256091594696045,0.8416816592216492,1.1381338834762573,-1.0996156930923462,-1.2553534507751465,-0.24588650465011597,3.4841606616973877,-1.2451251745224,-2.8787033557891846,2.5463414192199707,0.564738392829895,0.027196278795599937,1.3130446672439575,-0.06753742694854736,-0.4137653112411499,0.6495272517204285,2.544234275817871,-0.4598955810070038,1.1815005540847778
45.05509620243,-0.9789414405822754,-0.7283873558044434,-1.9877344369888306,1.4234917163848877,-1.3331197500228882,0.5047329068183899,-0.5836210250854492,-1.313459038734436,0.47308239340782166,-0.758776068687439,-1.1697313785552979,1.201857566833496,-0.7597551941871643,0.7320467829704285,1.085008144378662,0.342890202999115,-1.1194225549697876,1.1907129287719727,0.9017252326011658,-0.36877474188804626,-0.08144830912351608
44.07792933335,0.9978137612342767,0.5128428339958178,-1.7077740430831831,0.5140067338943586,-1.5558037757873588,1.8241012096405047,-2.1199998855590834,1.023867845535268,0.21286930143833824,-1.5178961753845142,-1.5443162918090914,1.6438788175582795,-1.0952919721603405,-0.05344122275712093,-1.8466043472290075,-0.25882193446158586,0.806996822357166,1.08183741569517,2.209395647048929,-1.3008575439453194,1.115428805351276
43.100762464270005,-0.5510140657424927,-0.2029159963130951,0.2229638248682022,1.4600200653076172,-1.7859807014465332,1.5458580255508423,-1.6256433725357056,-1.4680662155151367,1.3155080080032349,-0.6372535824775696,-3.0333609580993652,-0.9262536764144897,-0.10176252573728561,-0.452894389629364,-1.951940655708313,-0.2667153775691986,-1.492267370223999,-1.8361185789108276,-0.45506060123443604,-1.182582139968872,1.2957351207733154
42.123595595190004,-0.6862198114395142,0.08111178874969482,1.6454747915267944,0.14822237193584442,0.9715529680252075,-2.9281580448150635,0.2627563178539276,0.936445951461792,1.5036659240722656,-0.4734189510345459,-1.4332798719406128,0.37781190872192383,1.8314282894134521,-2.2966387271881104,0.5532493591308594,-0.36639973521232605,0.8743719458580017,0.4700438976287842,-0.5044058561325073,0.5797483921051025,-0.3360699415206909
41.14642872611,-0.9125556349754333,1.5067845582962036,0.8582853674888611,-1.0474214553833008,-0.18123337626457214,-2.306070327758789,-0.39470940828323364,0.9649832248687744,0.18866603076457977,0.9382809996604919,-2.569549560546875,-0.24157768487930298,1.2278358936309814,0.35188642144203186,0.6745499968528748,-1.3742033243179321,-1.2303738594055176,-0.49128609895706177,1.3912851810455322,1.1655137538909912,-0.43176189064979553
40.16926185703,0.021486779674887657,1.1427206993103027,2.847348213195801,2.064965009689331,0.4029539227485657,0.1442960798740387,0.7951316237449646,2.9587178230285645,-0.30525097250938416,1.6919023990631104,-0.20630966126918793,0.8435741066932678,1.5087683200836182,-1.0732721090316772,-1.906903624534607,-0.4580838978290558,-2.5557050704956055,0.4017058312892914,0.6767557263374329,2.809049367904663,-0.8087128400802612
39.19209498795001,0.968204915523529,1.1446703672409058,3.176377058029175,1.715841293334961,0.9890198707580566,1.35309636592865,0.8952141404151917,2.785508155822754,-0.2877531349658966,1.5599560737609863,1.4969545602798462,-1.016668677330017,-0.7175649404525757,-0.08019019663333893,0.29682236909866333,-1.7374767065048218,0.20300069451332092,0.3915491998195648,-0.38941991329193115,0.5810288190841675,0.9549438953399658
38.21492811887,-0.95853191614151,-0.13730521500110626,-0.3838246762752533,-1.9448379278182983,-0.4218409061431885,0.8933477997779846,0.1454053521156311,-1.0899478197097778,-1.6691640615463257,0.34262675046920776,-0.013244458474218845,-1.5458780527114868,0.30969706177711487,1.433464527130127,1.0825990438461304,0.12565286457538605,1.3905572891235352,-0.11808949708938599,-0.6789534687995911,0.45557355880737305,1.3374651670455933
37.23776124979,-0.8173024654388428,-0.5731146335601807,-0.5380588173866272,0.23672443628311157,0.10765283554792404,-0.8695693612098694,-0.5626881718635559,-0.15009979903697968,0.8459981679916382,-0.47633689641952515,-2.084738254547119,-0.3130405843257904,-1.1731328964233398,-0.8995374441146851,1.323885202407837,0.8880933523178101,-0.9650123715400696,0.5658241510391235,-0.7186022400856018,-2.4655141830444336,0.0023105565924197435
36.260594380709996,-2.357966899871826,-0.5784326791763306,0.9535094499588013,-0.026237791404128075,-1.9920599460601807,-1.8970109224319458,0.33625558018684387,-0.4568372070789337,0.9213903546333313,1.9354350566864014,-0.37586095929145813,0.42940470576286316,-0.1520441472530365,-0.2716391682624817,1.777129888534546,-0.8491383790969849,-0.0836203321814537,-0.7491461634635925,1.5016653537750244,0.769729733467102,0.7370087504386902
35.283427511629995,-0.5138354897498787,-1.0189687013626092,1.5376757383346598,-0.65346574783324,-1.9245728254318057,-1.241705656051649,0.8053134083747964,0.7030175328255013,0.8014206290245076,-0.11633892357350645,1.579029202461255,0.9888800978660521,-0.2837618291377977,-2.5591473579406743,0.5239000320434481,-0.5226368904113892,0.45906424522398676,2.1522519588470477,2.7840709686279324,0.7095384597778216,1.3483844995498588
34.30626064255,0.7227259278297424,-1.2568726539611816,2.6899900436401367,-0.09303899109363556,-1.087332010269165,-3.424686908721924,2.05194091796875,2.7187440395355225,-0.08606480807065964,-1.2033178806304932,2.241917371749878,-0.9780276417732239,1.6489945650100708,-0.777696430683136,0.10980253666639328,0.009044266305863857,0.7971790432929993,1.2055988311767578,1.4069559574127197,-0.1250418871641159,1.5982403755187988
33.32909377347,0.7149757742881775,2.25835919380188,0.35367393493652344,1.3927077054977417,2.5165786743164062,-1.2621532678604126,0.1549355685710907,0.564788818359375,1.1485867500305176,0.9031021595001221,1.6156339645385742,-0.13334138691425323,2.6218085289001465,0.11865020543336868,0.3289828896522522,0.3533277213573456,-0.21121720969676971,1.4144986867904663,-0.8461078405380249,1.5940240621566772,2.190335512161255
32.351926904390005,1.8257954120635986,1.5779656171798706,0.9845602512359619,0.7562432289123535,1.028685212135315,0.5437778234481812,0.47838395833969116,-1.4562616348266602,0.3627549409866333,1.0033249855041504,2.123694896697998,0.1280110627412796,1.2822537422180176,1.1672090291976929,-1.219727635383606,0.4446927309036255,-0.5313863158226013,0.9355611205101013,-0.9179129600524902,-1.8356852531433105,2.9368410110473633
31.374760035310004,3.054614305496216,-2.4554367065429688,0.6919569373130798,-0.00616345414891839,2.020371675491333,-0.8936460018157959,-1.8100922107696533,1.3755183219909668,0.9507325887680054,-0.9814189672470093,-1.191217303276062,-2.979295253753662,1.5365984439849854,-0.2710723280906677,-2.1840038299560547,-0.9238263964653015,-0.5524070858955383,1.607517123222351,-2.012065887451172,1.9670439958572388,3.380953073501587
30.397593166230003,0.6950424909591675,1.3264179229736328,1.6082141399383545,1.2511872053146362,2.655726432800293,-1.055978775024414,-1.8003510236740112,0.8911619782447815,1.5701817274093628,-0.48330923914909363,-0.3104899525642395,0.21628868579864502,1.7611154317855835,0.9507073163986206,-1.3846181631088257,-0.2690676152706146,-0.35939720273017883,1.0382241010665894,-2.2258503437042236,-0.21748371422290802,1.0755314826965332
29.42042629715,1.3107049465179454,2.508376598358149,1.058870911598206,1.8569860458373917,4.6798877716064435,-1.0600864887237633,-0.15326945483683885,0.3322346806526195,1.8884999752044662,0.16945225000381217,0.969421207904807,-1.246058702468879,1.6105726957321098,0.838329315185537,-0.16070649027824352,-0.30911207199096213,-0.6259478330612274,0.9856781959533654,-1.0132429599762065,-0.18678830564022542,2.716848850250245
28.443259428070004,-0.5645111799240112,0.8778677582740784,0.5501944422721863,-1.0290687084197998,-0.09840405732393265,-0.5293020009994507,0.5365220308303833,-1.3408868312835693,-1.0288887023925781,-1.5600502490997314,-1.494179606437683,-1.4361339807510376,-0.653628945350647,0.7133973836898804,-0.384935200214386,0.20239712297916412,-0.2848370671272278,0.6270895600318909,-1.2887605428695679,-0.6612058877944946,1.167118787765503
27.466092558990002,2.2072455883026123,3.03234601020813,0.6392262578010559,0.5362129211425781,-0.10451214760541916,-0.03182123228907585,1.0563119649887085,-0.3433815836906433,1.6932673454284668,-0.7695971131324768,-1.1798032522201538,-1.3201134204864502,-0.43276292085647583,1.9322723150253296,0.12045290321111679,0.31159186363220215,0.28691861033439636,0.1020350307226181,1.281206727027893,-0.649766743183136,1.2146246433258057
26.48892568991,0.7871788740158081,1.0642417669296265,2.393094301223755,1.5208539962768555,0.4324146807193756,0.7989674806594849,1.126495122909546,0.9265252351760864,1.0652966499328613,1.4866446256637573,-0.6989939212799072,0.5666497349739075,-1.6825542449951172,0.34217193722724915,-0.9813703298568726,0.30819204449653625,-0.39236241579055786,-0.24700579047203064,2.820244550704956,-0.22573517262935638,-0.3276984691619873
25.51175882083,0.7703115940093994,1.077300786972046,2.5036959648132324,0.43133771419525146,-0.36541348695755005,0.15101474523544312,2.8644886016845703,1.890514850616455,1.9371572732925415,0.6899288296699524,2.5333034992218018,-0.35460159182548523,0.10919589549303055,-0.3311912417411804,0.5644610524177551,0.1211472675204277,2.130366802215576,-0.5699448585510254,-0.05406785383820534,1.1489982604980469,1.5568991899490356
24.534591951750002,1.0779012441635132,0.09997173398733139,-0.10819036513566971,3.139498472213745,-0.40356194972991943,0.34812289476394653,-0.569033145904541,0.1811058670282364,2.2963595390319824,-0.2874912917613983,1.0328975915908813,-0.6302031874656677,-1.0468635559082031,0.6790768504142761,-1.807348608970642,0.14732030034065247,0.44681257009506226,0.9523891806602478,-0.2504197657108307,1.1547980308532715,-1.321300983428955
23.55742508267,-0.30724599957466125,-1.1688196659088135,-0.9866021871566772,2.6938655376434326,1.9935122728347778,0.9579902291297913,0.2629437744617462,1.6969960927963257,1.4640462398529053,-1.6409071683883667,0.989491879940033,1.1248013973236084,0.4229876697063446,-0.9307373762130737,-1.0523343086242676,0.32928791642189026,0.8977845907211304,0.5213454961776733,1.8867262601852417,1.3577862977981567,0.45724526047706604
22.58025821359,-0.45196342468259876,1.9242866039276048,0.8411897420883203,-0.46538326144218256,-0.9302778840064951,0.42283940315246626,1.8102911710739247,2.168013334274282,1.9126214981079048,-0.9006564021110417,2.1787154674530003,-0.3553808927536093,1.9285022020339877,-2.348082304000844,-0.4360119104385227,-1.1508994102478056,2.898424625396738,0.6745414733886679,0.2524319589138091,0.5990062952041451,1.8317424058914251
21.603091344510002,2.3169713020324707,-1.053008794784546,-0.40134528279304504,1.085181713104248,2.068606376647949,1.4772491455078125,-0.0863393023610115,1.2414714097976685,0.2644443213939667,-0.5194018483161926,1.6569794416427612,0.3855345845222473,1.5952012538909912,0.8019905090332031,0.15090778470039368,1.5092618465423584,0.9513418078422546,0.3481045961380005,0.4679245054721832,-0.686847984790802,1.7868740558624268
20.62592447543,2.5669329166412354,-8.203148900065571e-05,-1.1449720859527588,0.18702532351016998,2.2259304523468018,-0.08036863058805466,0.04120638221502304,1.173897624015808,0.6468450427055359,-2.6227734088897705,0.26789891719818115,-0.23889346420764923,0.7673564553260803,0.0459226630628109,-2.048675060272217,-0.06155848130583763,0.8523181080818176,0.3251698911190033,0.1454169601202011,-0.10012251138687134,1.0134479999542236
19.648757606350003,0.8889339566230774,1.2257698774337769,0.5949167609214783,1.3130922317504883,0.6892572641372681,1.2682901620864868,-0.8394618630409241,-0.1282045692205429,0.3289676606655121,0.8442535996437073,0.9564655423164368,1.3795512914657593,-0.18829651176929474,-0.21244074404239655,1.7926509380340576,3.015690326690674,2.176007032394409,1.5126796960830688,-1.124538540840149,-1.0199083089828491,-0.6383230090141296
18.67159073727,-0.3934856355190277,0.11300469934940338,-1.8285815715789795,0.9306464195251465,-0.3540177345275879,0.4352753758430481,-2.7474613189697266,0.5659588575363159,2.125789165496826,0.8332946300506592,0.41372889280319214,2.5974488258361816,1.3660465478897095,-0.4382098615169525,1.989092230796814,2.0926525592803955,1.348448634147644,-0.24771247804164886,1.663614273071289,3.521721839904785,2.162895917892456
17.694423868190004,0.33431220054626465,0.91257244348526,-0.00037665842683054507,2.00294828414917,0.9215991497039795,1.1983717679977417,1.127616047859192,1.9275870323181152,1.8393516540527344,1.9731804132461548,-0.6098767518997192,1.3027859926223755,2.1033012866973877,1.4897733926773071,1.568966031074524,1.489479660987854,1.6929172277450562,-0.5989089608192444,-0.8290707468986511,-0.8752763271331787,1.6979081630706787
16.717256999110003,0.04247632250189781,1.204572319984436,1.033974528312683,2.5002307891845703,1.4387686252593994,1.6621814966201782,2.8713433742523193,2.483142137527466,-0.18536344170570374,0.3783510625362396,1.2763491868972778,3.181760549545288,1.5580898523330688,2.0361764430999756,0.7443456053733826,2.3540799617767334,2.3187777996063232,1.8601175546646118,4.119602680206299,0.9496140480041504,3.1518852710723877
15.740090130030003,1.9721862077713013,2.298444986343384,3.4307050704956055,1.4929741621017456,1.9389210939407349,2.51275634765625,2.4489569664001465,3.929530143737793,0.2742881178855896,2.2451584339141846,2.4048354625701904,2.869819402694702,1.2294416427612305,1.7284425497055054,1.568404197692871,0.24480758607387543,2.2855677604675293,4.576663970947266,1.470968246459961,1.0600897073745728,0.8936266303062439
14.762923260950004,2.280233144760132,2.4471733570098877,3.354630947113037,2.208923816680908,1.0568503141403198,2.6061148643493652,2.4931952953338623,2.00727915763855,1.312332034111023,3.1440248489379883,2.6703782081604004,2.08263897895813,0.8255141973495483,2.000102996826172,2.5292561054229736,-1.4605555534362793,3.1420738697052,3.114532470703125,0.6149237751960754,2.0123519897460938,0.7262412905693054
13.785756391870004,1.607529878616333,0.5151804685592651,2.4443130493164062,2.847067356109619,3.815032720565796,1.8016012907028198,2.1023311614990234,2.212209701538086,3.8993589878082275,1.577246904373169,2.5260331630706787,5.521634101867676,5.5455098152160645,1.5613782405853271,2.285294532775879,1.1962714195251465,1.770471215248108,2.629732847213745,2.3248531818389893,3.273725748062134,1.7464312314987183
12.808589522790003,4.059181213378906,4.053908824920658,2.791115999221806,3.6370298862457355,4.3993740081787065,1.9095245599746733,3.066649198532104,2.1676955223083474,3.4196970462798997,4.289602279663085,4.036365985870368,4.357600688934325,5.037280082702633,3.842411994934089,3.610052824020384,5.527679920196542,2.649030208587654,2.5893549919128422,4.237413883209228,1.3477758169174132,4.0543608665466255
11.831422653710003,3.284586191177368,4.803088188171387,4.942000389099121,6.06204080581665,3.644533157348633,2.905644416809082,6.101424694061279,3.761425733566284,2.7431554794311523,3.7174265384674072,4.215812683105469,5.695586681365967,2.505811929702759,4.172318458557129,3.2492573261260986,5.542769908905029,4.984757423400879,5.472179412841797,3.069763660430908,2.121849298477173,3.3135573863983154
10.854255784630004,5.006690979003906,5.5728068351745605,6.642736434936523,6.11842679977417,5.664305210113525,4.425236225128174,5.485236167907715,5.041407585144043,4.9906697273254395,5.744259834289551,3.397815704345703,5.009711265563965,4.482837200164795,2.946495294570923,4.518228530883789,2.4800498485565186,4.875682830810547,6.0591840744018555,4.231934070587158,6.465938091278076,5.056485652923584
9.877088915550004,6.3055195808410645,5.833123683929443,8.164610862731934,6.95662260055542,7.702785968780518,6.09674596786499,6.319052219390869,6.565023899078369,4.907460689544678,7.903096675872803,7.943720817565918,5.618130207061768,5.4628119468688965,5.609708309173584,5.447789669036865,4.727227687835693,5.042957782745361,6.987997055053711,4.591877460479736,6.780115127563477,2.6546390056610107
8.899922046470005,7.227444648742676,6.884369373321533,7.577141761779785,7.14092493057251,7.852050304412842,8.825456619262695,9.085676193237305,5.189004898071289,6.987973690032959,8.506649017333984,8.93857479095459,10.374061584472656,6.352769374847412,8.359466552734375,6.14897346496582,9.355177879333496,8.669893264770508,8.688158988952637,7.076788425445557,8.850607872009277,8.087828636169434
7.922755177390005,15.225540161132812,13.893775939941406,17.29056739807129,19.177352905273438,15.252158164978027,16.41933250427246,18.53081512451172,11.824405670166016,17.454294204711914,16.646108627319336,18.178909301757812,16.57460594177246,16.706439971923828,17.01361846923828,11.57730770111084,16.362756729125977,17.107620239257812,15.592849731445312,15.115144729614258,12.291645050048828,16.47319793701172
6.945588308310005,24.944400787353516,26.924230575561523,21.15818214416504,25.96221160888672,21.33160400390625,25.204206466674805,26.436920166015625,16.024944305419922,24.8292179107666,25.001739501953125,24.940452575683594,23.13996124267578,21.009000778198242,23.90336036682129,19.921009063720703,23.498252868652344,23.862873077392578,25.148054122924805,26.314422607421875,17.938358306884766,24.010435104370117
5.9684214392300055,22.450889587402344,22.286666870117188,23.799604415893555,21.441030502319336,21.86185646057129,20.862773895263672,24.44947052001953,20.306116104125977,22.973966598510742,22.50653076171875,22.63348960876465,19.843923568725586,23.309789657592773,20.447450637817383,20.432327270507812,20.470481872558594,23.860858917236328,23.641822814941406,23.634929656982422,22.16695785522461,23.047386169433594
4.991254570150006,16.02227020263672,17.025423049926758,16.954376220703125,17.3397216796875,16.72490692138672,17.397140502929688,17.946928024291992,16.464332580566406,18.13969612121582,17.785337448120117,14.71084976196289,16.198129653930664,16.345172882080078,15.016672134399414,16.03874969482422,15.33924674987793,18.139997482299805,17.879819869995117,18.400606155395508,16.95722198486328,17.42576789855957
4.014087701070006,15.485517501831056,13.45551109313965,13.56120204925537,13.516496658325195,11.910055160522463,13.21437454223633,15.456135749816891,12.696472167968748,15.375243186950684,16.508651733398438,11.898266792297363,13.180388450622559,11.589750289916989,14.300187110900877,12.21396827697754,12.897300720214846,13.361483573913574,13.300530433654783,13.353240013122557,15.357975006103509,14.514622688293455
3.036920831989999,17.496517181396484,16.615234375,14.531126976013184,14.130755424499512,15.513387680053713,14.376728057861328,14.537993431091309,13.723253250122072,15.418250083923342,16.146413803100586,15.81412506103516,15.25540542602539,12.191100120544435,12.906695365905763,13.177459716796875,14.12380599975586,11.440173149108887,15.4846887588501,12.263628959655763,13.842104911804201,14.080798149108888
2.0597539629099995,16.63069725036621,16.925291061401367,16.10030746459961,16.745513916015625,16.472177505493164,17.410987854003906,15.116653442382812,17.08358383178711,16.501314163208008,15.30724048614502,17.92302131652832,17.332229614257812,14.892777442932129,15.706391334533691,14.556073188781738,14.597990989685059,11.458115577697754,16.025911331176758,18.77034568786621,15.307759284973145,14.839600563049316
1.0825870938299995,15.760103225708008,18.78493881225586,16.32208251953125,17.689617156982422,15.14011287689209,18.417713165283203,17.51673698425293,16.307382583618164,17.037391662597656,12.375596046447754,17.45488739013672,18.691478729248047,16.365896224975586,18.702669143676758,16.257076263427734,17.44300079345703,13.842310905456543,14.82341194152832,21.330244064331055,15.737082481384277,16.1284236907959
0.10542022474999976,18.38347625732422,18.151763916015625,16.042739868164062,21.134916305541992,19.020755767822266,18.11849021911621,17.828765869140625,15.246575355529785,20.660524368286133,14.832995414733887,15.716377258300781,18.780550003051758,17.563032150268555,18.457529067993164,18.86297035217285,19.32305908203125,15.752446174621582,14.453604698181152,18.52332305908203,17.22418975830078,19.2890567779541
-0.8717466443299999,19.904829025268555,17.83640480041504,16.351768493652344,19.905290603637695,19.427600860595703,17.358970642089844,19.465681076049805,13.867389678955078,21.020465850830078,18.003278732299805,14.652215003967285,17.492895126342773,15.313485145568848,13.882448196411133,17.987951278686523,14.216819763183594,14.552506446838379,15.58851432800293,17.71162223815918,15.391986846923828,17.491378784179688
-1.8489135134099997,18.574214935302734,18.273710250854492,16.5864200592041,17.51848602294922,17.540647506713867,19.31437873840332,15.136946678161621,15.330676078796387,17.848371505737305,15.552072525024414,17.688138961791992,15.643028259277344,16.904773712158203,15.597424507141113,15.447550773620605,16.38174819946289,18.19882583618164,17.20153045654297,15.115131378173828,15.889098167419434,17.318729400634766
-2.8260803824899994,18.80420684814453,17.265953063964844,14.797479629516602,14.110513687133789,14.975380897521973,13.85748291015625,14.640135765075684,12.292533874511719,17.11056137084961,13.402887344360352,15.022055625915527,16.787452697753906,18.05160140991211,13.60663890838623,16.405967712402344,14.900349617004395,18.32096290588379,14.883459091186523,13.743404388427734,13.889705657958984,16.73253631591797
-3.8032472515699993,17.520769119262695,15.541398048400879,17.42708396911621,17.977890014648438,16.368587493896484,16.30661392211914,17.674999237060547,15.825114250183105,17.178163528442383,17.893634796142578,16.410688400268555,14.944413185119629,18.012798309326172,13.519336700439453,17.317676544189453,16.943164825439453,16.507049560546875,13.834726333618164,18.5300235748291,15.335922241210938,18.578062057495117
-4.780414120649999,15.68139934539795,15.294280052185059,16.02480125427246,16.660106658935547,14.258866310119629,14.863465309143066,18.71746253967285,12.239338874816895,16.52354621887207,17.165002822875977,17.698348999023438,16.361268997192383,15.242547988891602,15.128182411193848,16.22662353515625,13.476237297058105,18.07428550720215,15.543205261230469,19.70299530029297,14.324471473693848,14.834457397460938
-5.757580989729998,15.387414932250977,15.772429466247557,18.206855773925778,15.735666275024414,15.281744003295898,17.24643325805664,17.111097335815433,14.13521099090576,17.76799392700195,16.813158035278324,17.326248168945312,17.355911254882816,15.765866279602049,16.42281150817871,12.7323751449585,15.776300430297848,16.02481460571289,17.16189575195312,18.773714065551754,20.466371536254883,16.021286010742188
-6.734747858809999,14.735597610473633,16.89638328552246,15.141067504882812,15.21741771697998,15.136500358581543,17.648279190063477,15.790446281433105,15.742169380187988,17.656253814697266,17.950010299682617,17.33885383605957,17.763980865478516,16.42346954345703,18.916061401367188,15.722188949584961,18.462913513183594,17.124996185302734,17.08648681640625,18.270429611206055,19.21087074279785,16.697311401367188
-7.711914727889998,17.973793029785156,19.40320587158203,16.33193588256836,15.168706893920898,16.363126754760742,18.180850982666016,18.140764236450195,16.714759826660156,18.290464401245117,17.327932357788086,18.143997192382812,17.695619583129883,16.061540603637695,18.402307510375977,15.67231559753418,17.36984634399414,15.524821281433105,17.40736961364746,16.641977310180664,17.8986873626709,18.43281364440918
-8.689081596969999,17.961750030517578,17.639623641967773,16.06444549560547,15.05723762512207,17.67580223083496,18.27263069152832,13.585518836975098,16.325489044189453,17.16083335876465,14.864790916442871,15.319060325622559,16.514062881469727,17.05840301513672,16.95305633544922,15.767230987548828,16.0125675201416,14.46692943572998,18.138492584228516,17.251249313354492,16.133127212524414,17.338634490966797
-9.666248466049998,16.71955108642578,15.027687072753906,12.294509887695312,18.436735153198242,16.354337692260742,16.269868850708008,12.384603500366211,15.34277057647705,17.37306785583496,14.542234420776367,14.68882942199707,16.748355865478516,17.343015670776367,15.432068824768066,14.899262428283691,15.693692207336426,12.927433013916016,17.706514358520508,18.242908477783203,15.855914115905762,15.559829711914062
-10.643415335129998,15.287321090698242,13.52996826171875,11.311062812805176,15.832966804504395,14.096779823303223,16.312440872192383,12.410521507263184,10.970067977905273,14.954981803894043,13.13857650756836,13.366923332214355,14.075302124023438,13.534863471984863,11.919570922851562,12.898791313171387,14.225408554077148,11.714007377624512,14.39673900604248,14.530887603759766,12.671157836914062,13.658382415771484
-11.620582204209997,10.694991111755371,10.246484756469727,9.009833335876465,12.808042526245117,12.108274459838867,11.222207069396973,11.231313705444336,11.313189506530762,11.801535606384277,10.507645606994629,11.871212005615234,11.692679405212402,11.308097839355469,10.574857711791992,11.697011947631836,11.12224006652832,11.464385032653809,13.191788673400879,12.768996238708496,12.533689498901367,10.204228401184082
-12.597749073289997,9.703240394592285,10.770008087158203,9.201142311096191,9.898050308227539,10.049537658691406,9.62869644165039,11.507872581481934,10.114290237426758,11.520447731018066,11.062206268310547,11.358039855957031,10.203605651855469,11.61539363861084,10.721766471862793,9.468801498413086,10.366342544555664,9.508353233337402,10.576119422912598,9.118918418884277,10.207618713378906,9.059093475341797
-13.574915942369996,7.520655155181885,6.845119953155518,10.672109603881836,7.447706699371338,7.7690863609313965,6.576020240783691,10.36355209350586,9.569011688232422,8.141036987304688,9.19993782043457,8.627241134643555,7.752657413482666,7.002407550811768,9.622547149658203,7.70991325378418,10.441986083984375,9.201964378356934,4.9724555015563965,8.311545372009277,5.94725227355957,7.286139965057373
-14.552082811449996,6.809446334838871,4.727440357208254,6.125603199005139,8.233038902282717,6.810926437377931,3.4276759624481183,7.685226917266854,6.9979629516601625,6.03363084793091,8.131535530090334,6.477251529693615,4.951495170593263,5.613384246826176,4.945606708526621,5.999238491058354,5.325377941131605,5.436809539794929,4.044679641723634,6.981234073638919,4.44480657577515,7.134428977966306
-15.529249680529997,5.950716018676758,5.548353672027588,5.0629119873046875,5.910280704498291,6.576892852783203,6.247146129608154,6.149538993835449,7.153310298919678,5.948726177215576,4.995185852050781,4.16569185256958,3.8978424072265625,3.04070782661438,5.101868152618408,6.647611618041992,4.225777626037598,4.629884719848633,4.99585485458374,3.722039222717285,3.902592658996582,2.3928074836730957
-16.506416549609995,1.5412217378616333,1.8596030473709106,3.1517252922058105,4.906375885009766,3.8207666873931885,4.25456428527832,3.042938232421875,3.220594882965088,1.2172716856002808,2.558756113052368,3.4180057048797607,5.031306743621826,1.1963568925857544,2.5842621326446533,3.78411602973938,4.7946457862854,2.523969888687134,1.9208335876464844,2.521022081375122,3.8001558780670166,2.7743563652038574
-17.483583418689996,2.4070568084716797,1.3378831148147583,0.4987155795097351,4.944873809814453,2.3367769718170166,1.1005009412765503,2.0183937549591064,3.4608027935028076,2.255369186401367,2.2472925186157227,3.748019218444824,2.588243007659912,2.918463945388794,1.001895785331726,0.36016377806663513,2.7159063816070557,1.4855544567108154,1.0652782917022705,3.1840996742248535,2.4277055263519287,1.0087462663650513
-18.460750287769994,2.4433336257934535,1.8234300613403247,2.4647777080535844,1.0633326768875362,2.768524646759033,1.7060915231704714,0.3822899162769361,2.026909351348888,0.9646128416061512,2.0908708572387673,3.981780529022229,2.427291393280024,2.3433220386505176,3.5734543800353977,1.3561214208602823,2.688609361648551,2.4305558204650994,2.7488522529601966,0.48595851659775335,2.480687379837037,0.486121028661737
-19.437917156849995,0.513752818107605,2.777933359146118,0.5031388401985168,-0.33984118700027466,-0.49035245180130005,0.27135327458381653,1.8269575834274292,1.0816272497177124,1.4619702100753784,2.2604432106018066,0.11922650784254074,-0.4109640419483185,3.5211827754974365,2.4206902980804443,3.953632116317749,0.427977055311203,1.5839015245437622,1.02777898311615,0.6066120862960815,2.1106185913085938,0.44518429040908813
-20.415084025929996,-0.13002265989780426,1.5271233320236206,0.9644001722335815,-1.2388101816177368,2.9010114669799805,1.984576940536499,2.806903839111328,1.964829921722412,0.5786129832267761,3.0620198249816895,2.018947124481201,2.2973601818084717,4.392624378204346,3.298039436340332,1.5234183073043823,2.469278573989868,3.8295202255249023,1.1493780612945557,2.8251819610595703,3.778959035873413,2.571183443069458
-21.392250895009994,1.7475684881210327,1.3975132703781128,2.166433811187744,1.594690203666687,3.91218900680542,2.469282865524292,-0.4284678101539612,2.763617753982544,1.1642563343048096,1.3779865503311157,-0.184592604637146,-0.05682091787457466,3.361638307571411,0.43169236183166504,0.5284969806671143,1.4503227472305298,1.053404450416565,0.047239284962415695,0.5922273993492126,5.075956344604492,1.7946112155914307
-22.369417764089995,0.4079744815826416,1.0736103057861328,1.9360662698745728,0.9997307062149048,1.6683040857315063,2.191077470779419,1.7350285053253174,0.061144404113292694,3.294996976852417,2.8164734840393066,1.4745622873306274,0.9391964673995972,2.08530330657959,1.6648937463760376,0.027431773021817207,0.20513662695884705,1.0647244453430176,1.1377770900726318,1.7465310096740723,2.1938602924346924,2.899538278579712
-23.346584633169993,2.270214796066284,2.210371255874634,0.5859085917472839,0.35111984610557556,2.2404706478118896,0.1945103257894516,3.7788710594177246,1.0676140785217285,1.4410531520843506,3.6101772785186768,-0.3202374577522278,1.8147259950637817,3.720344305038452,2.4086012840270996,3.56339955329895,1.0455979108810425,-0.644231379032135,2.230738639831543,1.5495505332946777,1.5730292797088623,2.8307299613952637
-24.323751502249994,2.181868553161621,1.7074254751205444,2.359314441680908,0.8693222403526306,1.2382543087005615,0.9872806668281555,1.477578043937683,0.8146384358406067,0.0559452585875988,0.628933310508728,1.3763426542282104,2.2082087993621826,0.10126091539859772,1.9139776229858398,1.0160887241363525,1.2766292095184326,-0.16663610935211182,3.934814691543579,1.6555852890014648,0.9535040259361267,1.8298379182815552
-25.300918371329992,-0.0071525233797636685,2.310126543045051,0.8942335247993483,0.4204175770282913,0.11847805976867241,-0.39220502972601823,1.1228119134903027,2.0688419342040905,0.24758632481098772,1.1293439865112305,0.05979801341891626,1.5318351984024074,-0.1074536442756661,-0.4468016624450612,-0.2525807321071625,1.7364816665649578,-2.370425939559938,0.16113716363907782,1.2459520101547361,-0.6507163643836932,2.0561943054199334
-26.278085240409993,-1.372580647468567,-0.6317334175109863,-0.4897219240665436,-1.2873003482818604,-0.1802082359790802,0.3028174936771393,-0.3639815151691437,-0.04674679785966873,0.2712860107421875,-0.11863970756530762,0.4603334367275238,0.6889240741729736,0.08875321596860886,1.0380704402923584,-1.297882318496704,-0.8635106086730957,0.40097084641456604,-0.17915688455104828,0.5967910289764404,0.3723716139793396,1.4506412744522095
-27.255252109489994,-1.1805566549301147,-2.20127272605896,-0.5625858306884766,-0.5241901278495789,-0.977738082408905,-0.14801093935966492,-0.039231423288583755,-0.5437046885490417,0.7634373903274536,0.2815345525741577,2.268566131591797,-0.5939076542854309,-1.2941219806671143,0.9659554958343506,-2.354797840118408,-1.428174376487732,0.0034768451005220413,2.6169259548187256,-0.2917438745498657,-0.6100616455078125,2.6374363899230957
-28.232418978569992,-0.5154818892478943,0.18002699315547943,-0.04631149023771286,0.03678514063358307,-1.8943411111831665,0.43423908948898315,0.7135260105133057,0.10690168291330338,2.5776593685150146,-0.30251434445381165,-0.2450590580701828,-0.18764007091522217,0.9364349246025085,0.05953960120677948,-0.773937463760376,-1.2274456024169922,-0.4962558448314667,2.754260778427124,-1.086047649383545,-0.5430792570114136,3.012343168258667
-29.209585847649993,0.029499739408493042,2.9093217849731445,1.926749587059021,1.1736609935760498,-0.4807809293270111,-0.16253626346588135,3.8710215091705322,2.8622591495513916,1.206835389137268,1.3941634893417358,-0.8376614451408386,0.7278658151626587,2.6304712295532227,-1.1255630254745483,0.8711191415786743,-0.5885038375854492,1.439692497253418,1.613796353340149,1.5852251052856445,1.3215869665145874,-0.6615896224975586
-30.18675271672999,-1.4986721277236938,0.5718919038772583,2.845146417617798,0.5373474955558777,1.1334162950515747,-2.151921510696411,2.2304160594940186,1.7222870588302612,1.1322143077850342,1.5063772201538086,-0.6556256413459778,-0.3399004638195038,-0.8768770098686218,0.22025373578071594,0.6298477053642273,-1.9256646633148193,1.3920657634735107,0.4825882613658905,0.7455334067344666,1.0279940366744995,-0.4336351752281189
-31.163919585809992,0.3495348393917084,1.0312280654907227,2.3051040172576904,0.6003010272979736,2.5544698238372803,-0.3691346049308777,0.08234674483537674,1.9180153608322144,1.1234266757965088,2.1577532291412354,1.1547616720199585,1.5710437297821045,0.9249378442764282,-2.7380003929138184,-0.16797760128974915,1.143784999847412,0.8314771056175232,1.7081098556518555,0.4125283658504486,1.911150336265564,0.345447301864624
-32.141086454889994,1.0984786748886108,1.126270055770874,-0.11935410648584366,0.519147515296936,-0.9519211649894714,-1.8955734968185425,0.14894120395183563,-1.3313376903533936,-0.020098976790905,0.8763632774353027,0.512687087059021,0.11666738986968994,0.0031723808497190475,-3.712665319442749,-0.21873754262924194,-2.0180773735046387,-0.5503278970718384,0.2702464163303375,-1.928552269935608,0.23986810445785522,2.4538445472717285
-33.118253323969995,0.7870314121246338,-1.730409026145935,0.04401621222496033,-1.2804347276687622,-0.3365388512611389,-1.8136224746704102,1.1701321601867676,1.2498011589050293,0.4040924310684204,-0.22111214697360992,1.2242405414581299,0.5300161242485046,0.7352016568183899,-2.178295135498047,2.1513257026672363,0.8796507716178894,0.9170604348182678,0.6540443301200867,-1.8508116006851196,0.7265951633453369,0.9335165619850159
-34.09542019304999,0.8527582287788391,-0.3743719160556793,0.7855090498924255,1.8281269073486328,2.325744867324829,0.9481776356697083,2.8309826850891113,2.1197853088378906,3.001702308654785,-0.5444701313972473,0.027364209294319153,2.211904525756836,2.102606773376465,-0.9817338585853577,1.4846385717391968,2.30941104888916,-1.0074481964111328,-0.9455106258392334,1.4553020000457764,1.132325291633606,1.4774209260940552
-35.07258706212999,-1.3304164409637451,-2.2861008644104004,0.29037386178970337,1.011736273765564,-1.2147566080093384,0.36904722452163696,-0.5443726778030396,-2.4207727909088135,-2.1789755821228027,-1.1417006254196167,1.5924832820892334,-0.16236688196659088,-3.2856483459472656,-0.2205921858549118,-0.4914177358150482,-1.4238094091415405,-0.41374969482421875,1.0968021154403687,-1.7496811151504517,0.8390408754348755,-2.0565826892852783
-36.04975393120999,-2.7704174518585205,-2.7821645736694336,0.6315045952796936,-0.8665176630020142,-3.229504108428955,1.419001579284668,-1.0856083631515503,0.8580156564712524,-1.6660431623458862,0.2649754583835602,1.6936523914337158,-2.111785888671875,-2.793012857437134,-0.9492954015731812,-2.1052608489990234,-0.17773492634296417,1.0681960582733154,2.2399184703826904,-1.1325922012329102,-0.36429160833358765,-3.2297961711883545
-37.02692080028999,0.27637994289398193,2.000321865081787,-0.8218647837638855,0.49739909172058105,0.6358250379562378,0.466166615486145,1.0588728189468384,-0.16724151372909546,1.9959254264831543,3.649995803833008,0.028003310784697533,-1.1632685661315918,1.006622076034546,0.597025454044342,0.6742802858352661,-1.36137056350708,-0.017287330701947212,0.9346551895141602,1.165405511856079,0.8799780011177063,-0.4109193682670593
-38.00408766936999,1.5047067403793335,1.7134280204773153,1.1382622718811202,1.1597570180892918,0.8543429374694865,0.46176201105118714,-0.2337462157010888,-0.6005107760429229,2.754389524459862,-0.1543915718793581,-0.40354838967323575,-0.2902112007140927,-0.9643167257308849,0.2179694175720459,-0.8433502912521171,0.5201219916343506,1.6297856569289952,1.4780679941177375,2.2230319976806747,0.6517570614814888,1.056583046913145
-38.98125453844999,1.7039966583251953,-0.7052121758460999,0.5209446549415588,1.9218873977661133,1.4696106910705566,-0.27382200956344604,1.0432347059249878,-0.6560117602348328,0.7542598843574524,-1.6836756467819214,-0.9964920282363892,-2.0579018592834473,0.5739441514015198,-1.340385913848877,-0.40048015117645264,0.952024519443512,2.4921178817749023,-0.4181094169616699,0.8475571870803833,0.0033618351444602013,-0.141826331615448
-39.95842140752999,2.2194724082946777,0.6732280850410461,0.6925672292709351,1.662834882736206,1.4214240312576294,-0.42783650755882263,2.134977102279663,-0.2717113792896271,-1.6514216661453247,-1.1605790853500366,-1.4658422470092773,-1.2412701845169067,-0.774229109287262,-2.065232753753662,-2.4444596767425537,-1.1713203191757202,0.637154757976532,-1.7785366773605347,0.530359148979187,1.4033702611923218,-1.1303787231445312
-40.93558827660999,1.5427837371826172,0.5319595336914062,0.4143295884132385,-0.9848892688751221,-0.5016337633132935,0.10895796120166779,1.282787799835205,-1.2181284427642822,0.3926897644996643,1.027104139328003,-2.864374876022339,0.08229110389947891,-2.6695783138275146,-0.8740811944007874,1.2671573162078857,-0.8037066459655762,-0.1124914139509201,-2.702918767929077,-0.17638139426708221,1.7769155502319336,0.18821044266223907
-41.91275514568999,1.2865973711013794,-0.1937389224767685,1.346480131149292,-2.167863130569458,-1.0929045677185059,-0.4541087746620178,-1.2566126585006714,1.817306637763977,0.04308983311057091,0.29995787143707275,0.5527226328849792,1.7508575916290283,-1.884748101234436,-2.097630739212036,0.34689652919769287,0.22425390779972076,-0.5443878173828125,0.5056234002113342,-1.4775232076644897,1.127031922340393,-1.3270297050476074
-42.889922014769986,0.12741199135780334,-1.540344476699829,-0.9133710861206055,-1.0726304054260254,-0.15654823184013367,-1.3083046674728394,-2.9105899333953857,0.2220401018857956,-1.0707529783248901,-2.356813907623291,-0.36531558632850647,1.9089096784591675,0.20899264514446259,0.15058064460754395,-0.9279894828796387,1.3369872570037842,-0.11116155982017517,-2.3306291103363037,-2.707573413848877,-0.32394134998321533,-1.3237372636795044
-43.86708888385,-0.8137872815132141,0.17342114448547363,-0.7574262619018555,-0.6885369420051575,-0.7329819202423096,-1.5201417207717896,-3.4259324073791504,-1.1519802808761597,-0.3058312237262726,-0.1327306628227234,-0.9138839840888977,-0.7947019934654236,-1.7280961275100708,0.6697607636451721,-2.4316322803497314,-0.9931522607803345,-0.7317219376564026,-1.17655611038208,-1.2046840190887451,-1.186990737915039,0.16375839710235596
-44.84425575293,0.7361209392547607,0.49310097098350525,1.9132254123687744,1.8601166009902954,0.2542220652103424,-1.049364447593689,0.7338992953300476,-1.543454647064209,0.19088156521320343,-2.78375244140625,0.43200334906578064,-0.3606691062450409,-2.482527494430542,-1.7984799146652222,0.8904812335968018,-2.234438180923462,0.8386873602867126,-1.6242185831069946,-1.819794774055481,-2.882483720779419,-0.7218083739280701
-45.821422622010004,0.3907194137573242,1.8317177295684814,3.069145679473877,1.7946844100952148,1.9157794713974,0.3066369891166687,-0.6662262678146362,2.959932327270508,-0.6786568760871887,-2.686889886856079,-0.4620853662490845,-0.22797422111034393,0.35913732647895813,0.596478283405304,1.4959146976470947,-0.7473837733268738,0.15363380312919617,1.138401746749878,-2.268434762954712,0.3970383405685425,0.8654776215553284
-46.798589491090006,1.054180622100821,0.01969130523504048,3.1593852043151704,1.0928963422775426,1.0095236301422228,-0.4921556115150439,0.03638923540711516,1.3215304613113465,-0.06671087443827779,-1.267727851867697,0.9864532947540255,0.20128619670867726,0.9948447346687211,0.24442280828955787,2.6557927131652863,-0.08287785202263626,2.295000791549661,1.1783746480941812,-1.262581467628509,1.0633305311202852,0.1681983023882021
-47.77575636017,0.5923671126365662,0.33387425541877747,0.46255597472190857,1.7003964185714722,-0.530181884765625,0.4089636504650116,0.7444287538528442,0.17032325267791748,1.1679012775421143,0.42206424474716187,-0.16186518967151642,1.1223437786102295,-0.5551483631134033,-0.2941862940788269,0.04072011634707451,-2.110926389694214,0.46077629923820496,0.9991981387138367,2.389878511428833,1.135698914527893,0.3655211925506592
-48.75292322925,0.5794160962104797,1.2130448818206787,-0.09284688532352448,0.45055902004241943,-1.1943035125732422,2.7278804779052734,1.5127664804458618,-1.8322267532348633,0.15829017758369446,-0.6130856275558472,-1.8142685890197754,0.2983250021934509,-0.7770652770996094,1.3989813327789307,0.00165371538605541,0.20133845508098602,-0.15997862815856934,1.1828503608703613,1.884411334991455,1.516933798789978,0.30957937240600586
-49.73009009833,-1.1195937395095825,-0.6996438503265381,-0.9574813842773438,-1.6532132625579834,-0.163771852850914,-2.094804048538208,0.29938188195228577,-2.6769540309906006,-0.12845398485660553,0.36131545901298523,-0.8162716031074524,0.2057599276304245,0.34409669041633606,-0.27634352445602417,-1.9596585035324097,0.12835440039634705,0.7291056513786316,1.3693517446517944,0.8255138993263245,-0.639909565448761,0.5019201636314392
